50 100
35 45
35 45
50 60
65 90
50 100
50 100
35 115
35 115
35 115
35 115
35 115
35 115
35 115
35 115
35 115
35 115
35 115
35 115
35 115
35 115
35 115
35 115
35 115
35 115
35 115
35 115
35 115
35 115
35 115
35 115
35 115
35 115
35 115
35 115
35 115
35 115
35 115
35 115
35 115
35 115
35 115
35 115
35 115
35 115
35 115
35 115
35 115
35 115
35 115
35 115
35 115
35 115
35 115
35 115
35 115
35 115
35 115
35 115
35 115
35 115
35 115
35 115
35 115
35 115
35 115
35 115
35 115
35 115
35 115
35 115
35 115
35 115
35 115
35 115
35 115
35 115
35 115
35 115
35 115
35 115
35 115
35 115
35 115
35 115
35 115
35 115
35 115
35 115
35 115
35 115
35 115
35 115
35 115
35 115
35 115
35 115
35 115
35 115
35 115
35 115
35 115
35 115
35 115
35 115
35 115
35 115
35 115
35 115
35 115
35 115
35 115
35 115
35 115
35 115
35 115
35 115
35 115
35 115
35 115
35 115
35 115
35 115
35 115
35 115
35 115
35 115
35 115
35 115
35 115
35 115
35 115
35 115
35 115
35 115
35 115
35 115
35 115
35 115
35 115
35 115
35 115
35 115
35 115
35 115
35 115
35 115
35 115
35 115
35 115
