51.480583
52.164363
52.393945
52.622445
52.923004
53.299103
53.744434
54.251565
54.813186
55.422309
56.072328
56.757057
57.470760
58.208183
58.964581
59.735742
60.518011
61.308306
62.104131
62.903587
63.705370
64.508767
65.313644
66.120417
66.930030
67.743904
68.563897
69.392236
70.231459
71.084337
71.953800
72.842855
73.754508
74.691680
75.657135
76.653406
77.682730
78.746995
79.847690
80.985869
82.162126
83.376577
84.628855
85.918111
87.243027
88.601831
89.992325
91.411910
92.857622
94.326164
95.813946
97.317119
98.831618
100.353194
101.877457
103.399907
104.915971
106.421036
107.910484
109.379717
110.824194
112.239453
113.621142
114.965043
116.267099
117.523436
118.730387
119.884510
120.982611
122.021761
122.999311
123.912910
124.760517
125.540411
126.251202
126.891838
127.461610
127.960156
128.387464
128.743868
129.030047
129.247022
129.396149
129.479108
129.497896
129.454812
129.352445
129.193657
128.981565
128.719520
128.411087
128.060020
127.670237
127.245794
126.790853
126.309654
125.806485
125.285649
124.751429
124.208058
