50 100
50 85
50 100
50 100
35 115
65 115
65 115
65 115
65 115
65 90
65 90
65 90
65 115
65 115
65 90
65 90
65 90
65 90
65 90
65 90
65 90
65 90
65 90
65 90
65 90
65 90
65 90
65 90
65 90
65 90
50 100
50 100
50 100
50 100
50 100
50 100
50 100
50 100
50 100
50 100
50 100
50 100
50 100
50 100
50 100
65 115
65 115
65 115
65 115
65 115
65 115
65 115
65 115
50 100
65 115
65 115
65 115
65 115
65 115
65 115
65 115
65 115
65 115
65 115
65 115
65 115
65 115
65 115
65 115
65 115
65 115
65 115
65 115
65 115
65 115
65 115
65 115
65 115
65 115
35 115
35 115
35 115
35 115
35 115
35 115
35 115
35 115
35 115
35 115
35 115
35 115
35 115
35 115
35 115
35 115
35 115
35 115
35 115
35 115
35 115
35 115
35 115
35 115
35 115
35 115
35 115
35 115
35 115
35 115
35 115
35 115
35 115
35 115
35 115
35 115
35 115
35 115
35 115
35 115
35 115
35 115
35 115
35 115
35 115
35 115
35 115
35 115
35 115
35 115
35 115
35 115
35 115
35 115
35 115
35 115
35 115
35 115
35 115
35 115
35 115
35 115
35 115
35 115
35 115
35 115
35 115
35 115
35 115
35 115
35 115
