50 100
65 45
50 85
50 100
50 100
50 100
65 115
65 115
65 115
65 115
65 115
65 115
65 115
65 115
65 115
65 115
65 115
65 115
65 115
65 115
65 115
65 115
65 115
65 115
65 115
65 115
65 115
65 115
65 115
65 115
65 115
65 115
65 115
65 115
65 115
65 115
65 115
65 115
65 115
65 115
65 115
65 115
65 115
65 115
65 115
65 115
65 115
65 115
65 115
65 115
65 115
65 115
65 115
65 115
65 115
65 115
65 115
65 115
65 115
65 115
65 115
65 115
65 115
65 115
65 115
65 115
65 115
65 115
65 115
65 115
65 115
65 115
65 115
65 115
65 115
65 115
65 115
65 115
65 115
65 115
65 115
65 115
65 115
65 115
65 115
65 115
65 115
65 115
65 115
65 115
65 115
65 115
65 115
65 115
65 115
65 115
65 115
65 115
65 115
65 115
65 115
65 115
65 115
65 115
65 115
65 115
65 115
65 115
65 115
65 115
65 115
65 115
65 115
65 115
65 115
65 115
65 115
65 115
65 115
65 115
65 115
65 115
65 115
65 115
65 115
65 115
65 115
65 115
65 115
65 115
65 115
65 115
65 115
65 115
65 115
65 115
65 115
65 115
65 115
65 115
65 115
65 115
65 115
65 115
65 115
65 115
65 115
65 115
65 115
65 115
