50 100
65 90
50 100
35 115
35 115
65 115
65 115
65 115
65 115
65 115
65 115
65 115
65 115
65 115
65 115
65 115
65 115
65 115
65 115
65 115
65 115
65 115
65 115
65 115
65 115
65 115
65 115
65 115
65 115
65 115
65 115
65 115
65 115
65 115
65 115
65 115
65 115
65 115
65 115
35 115
35 115
35 115
35 115
35 115
35 115
35 115
35 115
35 115
35 115
35 115
35 115
35 115
35 115
35 115
35 115
35 115
35 115
35 115
35 115
35 115
35 115
35 115
35 115
35 115
35 115
35 115
35 115
35 115
35 115
35 115
35 115
35 115
35 115
35 115
35 115
35 115
35 115
35 115
35 115
35 115
35 115
35 115
35 115
35 115
35 115
35 115
35 115
35 115
35 115
35 115
35 115
35 115
35 115
35 115
35 115
35 115
35 115
35 115
35 115
35 115
35 115
35 115
35 115
35 115
35 115
35 115
35 115
35 115
35 115
35 115
35 115
35 115
35 115
35 115
35 115
35 115
35 115
35 115
35 115
35 115
35 115
35 115
35 115
35 115
35 115
35 115
35 115
35 115
35 115
35 115
35 115
35 115
35 115
35 115
35 115
35 115
35 115
35 115
35 115
35 115
35 115
35 115
35 115
35 115
35 115
35 115
35 115
35 115
35 115
35 115
