1.669738
1.330950
1.227134
1.191025
1.194520
1.229253
1.286136
1.354957
1.427151
1.496041
1.556320
1.604571
1.640159
1.665047
1.682526
1.695961
1.708055
1.720504
1.733856
1.747632
1.760713
1.771882
1.780310
1.785798
1.788732
1.789830
1.789861
1.789473
1.789135
1.789134
1.789584
1.790437
1.791531
1.792650
1.793609
1.794299
1.794703
1.794871
1.794881
1.794815
1.794736
1.794691
1.794703
1.794776
1.794896
1.795038
1.795175
1.795287
1.795365
1.795408
1.795424
1.795424
1.795418
1.795411
1.795410
1.795416
1.795429
1.795446
1.795465
1.795482
1.795495
1.795504
1.795508
1.795510
1.795510
1.795509
1.795509
1.795509
1.795511
1.795513
1.795515
1.795517
1.795519
1.795521
1.795522
1.795522
1.795523
1.795523
1.795523
1.795523
1.795523
1.795523
1.795523
1.795524
1.795524
1.795524
1.795524
1.795524
1.795525
1.795525
1.795525
1.795525
1.795525
1.795525
1.795525
1.795525
1.795525
1.795525
1.795525
1.795525
