50 100
35 45
35 45
35 45
35 45
35 45
35 45
35 45
35 45
35 45
35 45
35 45
50 60
50 60
50 60
65 65
65 65
65 65
65 65
65 65
65 65
65 65
65 90
65 90
65 90
65 90
65 90
65 90
65 90
65 90
65 90
65 90
65 90
65 90
65 90
65 90
65 90
65 90
65 90
65 90
65 90
65 90
65 90
65 90
65 90
65 90
65 90
65 90
65 90
65 90
65 90
65 90
65 90
65 90
65 90
65 90
65 90
65 90
65 90
65 90
65 90
65 90
65 90
65 90
65 90
65 90
65 90
65 90
65 90
65 90
65 90
65 90
65 90
65 90
65 90
65 90
65 90
65 90
65 90
65 90
65 90
65 90
65 90
65 90
65 90
65 90
65 90
65 90
65 90
65 90
65 90
65 90
65 90
65 90
65 90
65 90
65 90
65 90
65 90
65 90
65 90
65 90
65 90
65 90
65 90
65 90
65 90
65 115
65 115
65 115
65 115
65 115
65 115
65 115
65 115
65 115
65 115
65 115
65 115
65 115
65 115
65 115
65 115
65 115
65 115
65 115
65 115
65 115
65 115
65 115
65 115
65 115
65 115
65 115
65 115
65 115
65 115
65 115
65 115
65 115
65 115
65 115
65 115
65 115
65 115
65 115
65 115
65 115
65 115
65 115
