Posterior Probabilities for Each Goal at Each Time Step
============================================================

Time Step = 0
  [ 50 100]: 0.250000
  [ 35 115]: 0.100000
  [ 65 115]: 0.100000
  [35 90]: 0.100000
  [65 90]: 0.100000
  [50 85]: 0.100000
  [35 65]: 0.050000
  [65 65]: 0.050000
  [50 60]: 0.050000
  [35 45]: 0.050000
  [65 45]: 0.050000


Time Step = 1
  [ 50 100]: 0.000021
  [ 35 115]: 0.000000
  [ 65 115]: 0.000000
  [35 90]: 0.000020
  [65 90]: 0.001035
  [50 85]: 0.001299
  [35 65]: 0.018579
  [65 65]: 0.066209
  [50 60]: 0.150627
  [35 45]: 0.535517
  [65 45]: 0.226692


Time Step = 2
  [ 50 100]: 0.001791
  [ 35 115]: 0.000000
  [ 65 115]: 0.000046
  [35 90]: 0.000464
  [65 90]: 0.071289
  [50 85]: 0.051862
  [35 65]: 0.079030
  [65 65]: 0.222116
  [50 60]: 0.396701
  [35 45]: 0.158548
  [65 45]: 0.018153


Time Step = 3
  [ 50 100]: 0.011051
  [ 35 115]: 0.000000
  [ 65 115]: 0.000414
  [35 90]: 0.001337
  [65 90]: 0.346200
  [50 85]: 0.217538
  [35 65]: 0.081906
  [65 65]: 0.102793
  [50 60]: 0.217647
  [35 45]: 0.020746
  [65 45]: 0.000366


Time Step = 4
  [ 50 100]: 0.091073
  [ 35 115]: 0.000000
  [ 65 115]: 0.009009
  [35 90]: 0.004304
  [65 90]: 0.518256
  [50 85]: 0.357126
  [35 65]: 0.012430
  [65 65]: 0.001812
  [50 60]: 0.005913
  [35 45]: 0.000077
  [65 45]: 0.000000


Time Step = 5
  [ 50 100]: 0.352156
  [ 35 115]: 0.000001
  [ 65 115]: 0.030766
  [35 90]: 0.018964
  [65 90]: 0.209465
  [50 85]: 0.383606
  [35 65]: 0.004795
  [65 65]: 0.000019
  [50 60]: 0.000226
  [35 45]: 0.000001
  [65 45]: 0.000000


Time Step = 6
  [ 50 100]: 0.104785
  [ 35 115]: 0.000000
  [ 65 115]: 0.006873
  [35 90]: 0.003563
  [65 90]: 0.438984
  [50 85]: 0.437784
  [35 65]: 0.006846
  [65 65]: 0.000130
  [50 60]: 0.001030
  [35 45]: 0.000005
  [65 45]: 0.000000


Time Step = 7
  [ 50 100]: 0.005143
  [ 35 115]: 0.000000
  [ 65 115]: 0.000424
  [35 90]: 0.000057
  [65 90]: 0.815791
  [50 85]: 0.165984
  [35 65]: 0.002831
  [65 65]: 0.003383
  [50 60]: 0.006371
  [35 45]: 0.000015
  [65 45]: 0.000000


Time Step = 8
  [ 50 100]: 0.005736
  [ 35 115]: 0.000000
  [ 65 115]: 0.000759
  [35 90]: 0.000036
  [65 90]: 0.855495
  [50 85]: 0.134283
  [35 65]: 0.000919
  [65 65]: 0.001037
  [50 60]: 0.001733
  [35 45]: 0.000002
  [65 45]: 0.000000


Time Step = 9
  [ 50 100]: 0.000779
  [ 35 115]: 0.000000
  [ 65 115]: 0.000104
  [35 90]: 0.000003
  [65 90]: 0.928444
  [50 85]: 0.063162
  [35 65]: 0.000433
  [65 65]: 0.003802
  [50 60]: 0.003271
  [35 45]: 0.000002
  [65 45]: 0.000000


Time Step = 10
  [ 50 100]: 0.000697
  [ 35 115]: 0.000000
  [ 65 115]: 0.000114
  [35 90]: 0.000001
  [65 90]: 0.942711
  [50 85]: 0.054277
  [35 65]: 0.000168
  [65 65]: 0.001049
  [50 60]: 0.000983
  [35 45]: 0.000000
  [65 45]: 0.000000


Time Step = 11
  [ 50 100]: 0.001086
  [ 35 115]: 0.000000
  [ 65 115]: 0.000127
  [35 90]: 0.000002
  [65 90]: 0.919819
  [50 85]: 0.078385
  [35 65]: 0.000141
  [65 65]: 0.000146
  [50 60]: 0.000294
  [35 45]: 0.000000
  [65 45]: 0.000000


Time Step = 12
  [ 50 100]: 0.065964
  [ 35 115]: 0.000000
  [ 65 115]: 0.003577
  [35 90]: 0.000265
  [65 90]: 0.488235
  [50 85]: 0.441715
  [35 65]: 0.000240
  [65 65]: 0.000000
  [50 60]: 0.000004
  [35 45]: 0.000000
  [65 45]: 0.000000


Time Step = 13
  [ 50 100]: 0.530963
  [ 35 115]: 0.000000
  [ 65 115]: 0.011415
  [35 90]: 0.004675
  [65 90]: 0.042361
  [50 85]: 0.410523
  [35 65]: 0.000063
  [65 65]: 0.000000
  [50 60]: 0.000000
  [35 45]: 0.000000
  [65 45]: 0.000000


Time Step = 14
  [ 50 100]: 0.522375
  [ 35 115]: 0.000000
  [ 65 115]: 0.000796
  [35 90]: 0.023608
  [65 90]: 0.003510
  [50 85]: 0.449523
  [35 65]: 0.000189
  [65 65]: 0.000000
  [50 60]: 0.000000
  [35 45]: 0.000000
  [65 45]: 0.000000


Time Step = 15
  [ 50 100]: 0.019931
  [ 35 115]: 0.000000
  [ 65 115]: 0.000003
  [35 90]: 0.000937
  [65 90]: 0.010148
  [50 85]: 0.965944
  [35 65]: 0.003036
  [65 65]: 0.000000
  [50 60]: 0.000000
  [35 45]: 0.000000
  [65 45]: 0.000000


Time Step = 16
  [ 50 100]: 0.011050
  [ 35 115]: 0.000000
  [ 65 115]: 0.000000
  [35 90]: 0.001817
  [65 90]: 0.001382
  [50 85]: 0.977588
  [35 65]: 0.008164
  [65 65]: 0.000000
  [50 60]: 0.000000
  [35 45]: 0.000000
  [65 45]: 0.000000


Time Step = 17
  [ 50 100]: 0.000237
  [ 35 115]: 0.000000
  [ 65 115]: 0.000000
  [35 90]: 0.000066
  [65 90]: 0.001133
  [50 85]: 0.912083
  [35 65]: 0.086480
  [65 65]: 0.000000
  [50 60]: 0.000001
  [35 45]: 0.000000
  [65 45]: 0.000000


Time Step = 18
  [ 50 100]: 0.000008
  [ 35 115]: 0.000000
  [ 65 115]: 0.000000
  [35 90]: 0.000001
  [65 90]: 0.002311
  [50 85]: 0.787063
  [35 65]: 0.210604
  [65 65]: 0.000000
  [50 60]: 0.000011
  [35 45]: 0.000000
  [65 45]: 0.000000


Time Step = 19
  [ 50 100]: 0.000001
  [ 35 115]: 0.000000
  [ 65 115]: 0.000000
  [35 90]: 0.000000
  [65 90]: 0.001126
  [50 85]: 0.619580
  [35 65]: 0.379276
  [65 65]: 0.000000
  [50 60]: 0.000016
  [35 45]: 0.000000
  [65 45]: 0.000000


Time Step = 20
  [ 50 100]: 0.000000
  [ 35 115]: 0.000000
  [ 65 115]: 0.000000
  [35 90]: 0.000000
  [65 90]: 0.000439
  [50 85]: 0.504684
  [35 65]: 0.494868
  [65 65]: 0.000000
  [50 60]: 0.000008
  [35 45]: 0.000000
  [65 45]: 0.000000


Time Step = 21
  [ 50 100]: 0.000000
  [ 35 115]: 0.000000
  [ 65 115]: 0.000000
  [35 90]: 0.000000
  [65 90]: 0.000521
  [50 85]: 0.383257
  [35 65]: 0.616192
  [65 65]: 0.000000
  [50 60]: 0.000030
  [35 45]: 0.000000
  [65 45]: 0.000000


Time Step = 22
  [ 50 100]: 0.000000
  [ 35 115]: 0.000000
  [ 65 115]: 0.000000
  [35 90]: 0.000000
  [65 90]: 0.000321
  [50 85]: 0.429316
  [35 65]: 0.570354
  [65 65]: 0.000000
  [50 60]: 0.000009
  [35 45]: 0.000000
  [65 45]: 0.000000


Time Step = 23
  [ 50 100]: 0.000000
  [ 35 115]: 0.000000
  [ 65 115]: 0.000000
  [35 90]: 0.000000
  [65 90]: 0.000520
  [50 85]: 0.474005
  [35 65]: 0.525461
  [65 65]: 0.000000
  [50 60]: 0.000014
  [35 45]: 0.000000
  [65 45]: 0.000000


Time Step = 24
  [ 50 100]: 0.000000
  [ 35 115]: 0.000000
  [ 65 115]: 0.000000
  [35 90]: 0.000000
  [65 90]: 0.009919
  [50 85]: 0.593837
  [35 65]: 0.395570
  [65 65]: 0.000000
  [50 60]: 0.000674
  [35 45]: 0.000000
  [65 45]: 0.000000


Time Step = 25
  [ 50 100]: 0.000000
  [ 35 115]: 0.000000
  [ 65 115]: 0.000000
  [35 90]: 0.000000
  [65 90]: 0.016555
  [50 85]: 0.746492
  [35 65]: 0.236564
  [65 65]: 0.000000
  [50 60]: 0.000390
  [35 45]: 0.000000
  [65 45]: 0.000000


Time Step = 26
  [ 50 100]: 0.000000
  [ 35 115]: 0.000000
  [ 65 115]: 0.000000
  [35 90]: 0.000000
  [65 90]: 0.034213
  [50 85]: 0.863591
  [35 65]: 0.101969
  [65 65]: 0.000000
  [50 60]: 0.000227
  [35 45]: 0.000000
  [65 45]: 0.000000


Time Step = 27
  [ 50 100]: 0.000000
  [ 35 115]: 0.000000
  [ 65 115]: 0.000000
  [35 90]: 0.000000
  [65 90]: 0.064962
  [50 85]: 0.856295
  [35 65]: 0.078314
  [65 65]: 0.000000
  [50 60]: 0.000429
  [35 45]: 0.000000
  [65 45]: 0.000000


Time Step = 28
  [ 50 100]: 0.000000
  [ 35 115]: 0.000000
  [ 65 115]: 0.000000
  [35 90]: 0.000000
  [65 90]: 0.139910
  [50 85]: 0.850541
  [35 65]: 0.009503
  [65 65]: 0.000000
  [50 60]: 0.000046
  [35 45]: 0.000000
  [65 45]: 0.000000


Time Step = 29
  [ 50 100]: 0.000000
  [ 35 115]: 0.000000
  [ 65 115]: 0.000000
  [35 90]: 0.000000
  [65 90]: 0.123430
  [50 85]: 0.872604
  [35 65]: 0.003957
  [65 65]: 0.000000
  [50 60]: 0.000008
  [35 45]: 0.000000
  [65 45]: 0.000000


Time Step = 30
  [ 50 100]: 0.000000
  [ 35 115]: 0.000000
  [ 65 115]: 0.000000
  [35 90]: 0.000000
  [65 90]: 0.056140
  [50 85]: 0.942547
  [35 65]: 0.001313
  [65 65]: 0.000000
  [50 60]: 0.000000
  [35 45]: 0.000000
  [65 45]: 0.000000


Time Step = 31
  [ 50 100]: 0.000000
  [ 35 115]: 0.000000
  [ 65 115]: 0.000000
  [35 90]: 0.000000
  [65 90]: 0.025611
  [50 85]: 0.973705
  [35 65]: 0.000684
  [65 65]: 0.000000
  [50 60]: 0.000000
  [35 45]: 0.000000
  [65 45]: 0.000000


Time Step = 32
  [ 50 100]: 0.000000
  [ 35 115]: 0.000000
  [ 65 115]: 0.000000
  [35 90]: 0.000000
  [65 90]: 0.021154
  [50 85]: 0.978699
  [35 65]: 0.000147
  [65 65]: 0.000000
  [50 60]: 0.000000
  [35 45]: 0.000000
  [65 45]: 0.000000


Time Step = 33
  [ 50 100]: 0.000000
  [ 35 115]: 0.000000
  [ 65 115]: 0.000000
  [35 90]: 0.000000
  [65 90]: 0.011387
  [50 85]: 0.988578
  [35 65]: 0.000035
  [65 65]: 0.000000
  [50 60]: 0.000000
  [35 45]: 0.000000
  [65 45]: 0.000000


Time Step = 34
  [ 50 100]: 0.000000
  [ 35 115]: 0.000000
  [ 65 115]: 0.000000
  [35 90]: 0.000000
  [65 90]: 0.002633
  [50 85]: 0.997357
  [35 65]: 0.000010
  [65 65]: 0.000000
  [50 60]: 0.000000
  [35 45]: 0.000000
  [65 45]: 0.000000


Time Step = 35
  [ 50 100]: 0.000000
  [ 35 115]: 0.000000
  [ 65 115]: 0.000000
  [35 90]: 0.000000
  [65 90]: 0.001396
  [50 85]: 0.998602
  [35 65]: 0.000002
  [65 65]: 0.000000
  [50 60]: 0.000000
  [35 45]: 0.000000
  [65 45]: 0.000000


Time Step = 36
  [ 50 100]: 0.000001
  [ 35 115]: 0.000000
  [ 65 115]: 0.000000
  [35 90]: 0.000000
  [65 90]: 0.001374
  [50 85]: 0.998625
  [35 65]: 0.000000
  [65 65]: 0.000000
  [50 60]: 0.000000
  [35 45]: 0.000000
  [65 45]: 0.000000


Time Step = 37
  [ 50 100]: 0.000001
  [ 35 115]: 0.000000
  [ 65 115]: 0.000000
  [35 90]: 0.000000
  [65 90]: 0.001760
  [50 85]: 0.998239
  [35 65]: 0.000000
  [65 65]: 0.000000
  [50 60]: 0.000000
  [35 45]: 0.000000
  [65 45]: 0.000000


Time Step = 38
  [ 50 100]: 0.000001
  [ 35 115]: 0.000000
  [ 65 115]: 0.000000
  [35 90]: 0.000000
  [65 90]: 0.000647
  [50 85]: 0.999352
  [35 65]: 0.000000
  [65 65]: 0.000000
  [50 60]: 0.000000
  [35 45]: 0.000000
  [65 45]: 0.000000


Time Step = 39
  [ 50 100]: 0.000001
  [ 35 115]: 0.000000
  [ 65 115]: 0.000000
  [35 90]: 0.000000
  [65 90]: 0.000484
  [50 85]: 0.999515
  [35 65]: 0.000000
  [65 65]: 0.000000
  [50 60]: 0.000000
  [35 45]: 0.000000
  [65 45]: 0.000000


Time Step = 40
  [ 50 100]: 0.000003
  [ 35 115]: 0.000000
  [ 65 115]: 0.000000
  [35 90]: 0.000000
  [65 90]: 0.000319
  [50 85]: 0.999678
  [35 65]: 0.000000
  [65 65]: 0.000000
  [50 60]: 0.000000
  [35 45]: 0.000000
  [65 45]: 0.000000


Time Step = 41
  [ 50 100]: 0.000003
  [ 35 115]: 0.000000
  [ 65 115]: 0.000000
  [35 90]: 0.000000
  [65 90]: 0.000439
  [50 85]: 0.999558
  [35 65]: 0.000000
  [65 65]: 0.000000
  [50 60]: 0.000000
  [35 45]: 0.000000
  [65 45]: 0.000000


Time Step = 42
  [ 50 100]: 0.000001
  [ 35 115]: 0.000000
  [ 65 115]: 0.000000
  [35 90]: 0.000000
  [65 90]: 0.001370
  [50 85]: 0.998629
  [35 65]: 0.000000
  [65 65]: 0.000000
  [50 60]: 0.000000
  [35 45]: 0.000000
  [65 45]: 0.000000


Time Step = 43
  [ 50 100]: 0.000001
  [ 35 115]: 0.000000
  [ 65 115]: 0.000000
  [35 90]: 0.000000
  [65 90]: 0.000632
  [50 85]: 0.999367
  [35 65]: 0.000000
  [65 65]: 0.000000
  [50 60]: 0.000000
  [35 45]: 0.000000
  [65 45]: 0.000000


Time Step = 44
  [ 50 100]: 0.000002
  [ 35 115]: 0.000000
  [ 65 115]: 0.000000
  [35 90]: 0.000000
  [65 90]: 0.000641
  [50 85]: 0.999357
  [35 65]: 0.000000
  [65 65]: 0.000000
  [50 60]: 0.000000
  [35 45]: 0.000000
  [65 45]: 0.000000


Time Step = 45
  [ 50 100]: 0.000006
  [ 35 115]: 0.000000
  [ 65 115]: 0.000000
  [35 90]: 0.000000
  [65 90]: 0.000361
  [50 85]: 0.999633
  [35 65]: 0.000000
  [65 65]: 0.000000
  [50 60]: 0.000000
  [35 45]: 0.000000
  [65 45]: 0.000000


Time Step = 46
  [ 50 100]: 0.000007
  [ 35 115]: 0.000000
  [ 65 115]: 0.000000
  [35 90]: 0.000000
  [65 90]: 0.000579
  [50 85]: 0.999414
  [35 65]: 0.000000
  [65 65]: 0.000000
  [50 60]: 0.000000
  [35 45]: 0.000000
  [65 45]: 0.000000


Time Step = 47
  [ 50 100]: 0.000007
  [ 35 115]: 0.000000
  [ 65 115]: 0.000000
  [35 90]: 0.000000
  [65 90]: 0.000717
  [50 85]: 0.999276
  [35 65]: 0.000000
  [65 65]: 0.000000
  [50 60]: 0.000000
  [35 45]: 0.000000
  [65 45]: 0.000000


Time Step = 48
  [ 50 100]: 0.000008
  [ 35 115]: 0.000000
  [ 65 115]: 0.000000
  [35 90]: 0.000000
  [65 90]: 0.001037
  [50 85]: 0.998955
  [35 65]: 0.000000
  [65 65]: 0.000000
  [50 60]: 0.000000
  [35 45]: 0.000000
  [65 45]: 0.000000


Time Step = 49
  [ 50 100]: 0.000039
  [ 35 115]: 0.000000
  [ 65 115]: 0.000000
  [35 90]: 0.000000
  [65 90]: 0.000314
  [50 85]: 0.999647
  [35 65]: 0.000000
  [65 65]: 0.000000
  [50 60]: 0.000000
  [35 45]: 0.000000
  [65 45]: 0.000000


Time Step = 50
  [ 50 100]: 0.000109
  [ 35 115]: 0.000000
  [ 65 115]: 0.000000
  [35 90]: 0.000000
  [65 90]: 0.000105
  [50 85]: 0.999786
  [35 65]: 0.000000
  [65 65]: 0.000000
  [50 60]: 0.000000
  [35 45]: 0.000000
  [65 45]: 0.000000


Time Step = 51
  [ 50 100]: 0.000063
  [ 35 115]: 0.000000
  [ 65 115]: 0.000000
  [35 90]: 0.000000
  [65 90]: 0.000113
  [50 85]: 0.999823
  [35 65]: 0.000000
  [65 65]: 0.000000
  [50 60]: 0.000000
  [35 45]: 0.000000
  [65 45]: 0.000000


Time Step = 52
  [ 50 100]: 0.000029
  [ 35 115]: 0.000000
  [ 65 115]: 0.000000
  [35 90]: 0.000000
  [65 90]: 0.000213
  [50 85]: 0.999757
  [35 65]: 0.000000
  [65 65]: 0.000000
  [50 60]: 0.000000
  [35 45]: 0.000000
  [65 45]: 0.000000


Time Step = 53
  [ 50 100]: 0.000042
  [ 35 115]: 0.000000
  [ 65 115]: 0.000000
  [35 90]: 0.000000
  [65 90]: 0.000143
  [50 85]: 0.999816
  [35 65]: 0.000000
  [65 65]: 0.000000
  [50 60]: 0.000000
  [35 45]: 0.000000
  [65 45]: 0.000000


Time Step = 54
  [ 50 100]: 0.000024
  [ 35 115]: 0.000000
  [ 65 115]: 0.000000
  [35 90]: 0.000000
  [65 90]: 0.000351
  [50 85]: 0.999625
  [35 65]: 0.000000
  [65 65]: 0.000000
  [50 60]: 0.000000
  [35 45]: 0.000000
  [65 45]: 0.000000


Time Step = 55
  [ 50 100]: 0.000066
  [ 35 115]: 0.000000
  [ 65 115]: 0.000000
  [35 90]: 0.000000
  [65 90]: 0.000262
  [50 85]: 0.999672
  [35 65]: 0.000000
  [65 65]: 0.000000
  [50 60]: 0.000000
  [35 45]: 0.000000
  [65 45]: 0.000000


Time Step = 56
  [ 50 100]: 0.000063
  [ 35 115]: 0.000000
  [ 65 115]: 0.000000
  [35 90]: 0.000000
  [65 90]: 0.000387
  [50 85]: 0.999550
  [35 65]: 0.000000
  [65 65]: 0.000000
  [50 60]: 0.000000
  [35 45]: 0.000000
  [65 45]: 0.000000


Time Step = 57
  [ 50 100]: 0.000153
  [ 35 115]: 0.000000
  [ 65 115]: 0.000000
  [35 90]: 0.000000
  [65 90]: 0.000199
  [50 85]: 0.999648
  [35 65]: 0.000000
  [65 65]: 0.000000
  [50 60]: 0.000000
  [35 45]: 0.000000
  [65 45]: 0.000000


Time Step = 58
  [ 50 100]: 0.000335
  [ 35 115]: 0.000000
  [ 65 115]: 0.000000
  [35 90]: 0.000000
  [65 90]: 0.000096
  [50 85]: 0.999568
  [35 65]: 0.000000
  [65 65]: 0.000000
  [50 60]: 0.000000
  [35 45]: 0.000000
  [65 45]: 0.000000


Time Step = 59
  [ 50 100]: 0.000424
  [ 35 115]: 0.000000
  [ 65 115]: 0.000000
  [35 90]: 0.000000
  [65 90]: 0.000076
  [50 85]: 0.999500
  [35 65]: 0.000000
  [65 65]: 0.000000
  [50 60]: 0.000000
  [35 45]: 0.000000
  [65 45]: 0.000000


Time Step = 60
  [ 50 100]: 0.000533
  [ 35 115]: 0.000000
  [ 65 115]: 0.000000
  [35 90]: 0.000000
  [65 90]: 0.000063
  [50 85]: 0.999405
  [35 65]: 0.000000
  [65 65]: 0.000000
  [50 60]: 0.000000
  [35 45]: 0.000000
  [65 45]: 0.000000


Time Step = 61
  [ 50 100]: 0.000668
  [ 35 115]: 0.000000
  [ 65 115]: 0.000000
  [35 90]: 0.000000
  [65 90]: 0.000066
  [50 85]: 0.999266
  [35 65]: 0.000000
  [65 65]: 0.000000
  [50 60]: 0.000000
  [35 45]: 0.000000
  [65 45]: 0.000000


Time Step = 62
  [ 50 100]: 0.000908
  [ 35 115]: 0.000000
  [ 65 115]: 0.000000
  [35 90]: 0.000000
  [65 90]: 0.000072
  [50 85]: 0.999020
  [35 65]: 0.000000
  [65 65]: 0.000000
  [50 60]: 0.000000
  [35 45]: 0.000000
  [65 45]: 0.000000


Time Step = 63
  [ 50 100]: 0.002125
  [ 35 115]: 0.000000
  [ 65 115]: 0.000000
  [35 90]: 0.000000
  [65 90]: 0.000048
  [50 85]: 0.997828
  [35 65]: 0.000000
  [65 65]: 0.000000
  [50 60]: 0.000000
  [35 45]: 0.000000
  [65 45]: 0.000000


Time Step = 64
  [ 50 100]: 0.000644
  [ 35 115]: 0.000000
  [ 65 115]: 0.000000
  [35 90]: 0.000000
  [65 90]: 0.000166
  [50 85]: 0.999190
  [35 65]: 0.000000
  [65 65]: 0.000000
  [50 60]: 0.000000
  [35 45]: 0.000000
  [65 45]: 0.000000


Time Step = 65
  [ 50 100]: 0.003094
  [ 35 115]: 0.000000
  [ 65 115]: 0.000000
  [35 90]: 0.000000
  [65 90]: 0.000049
  [50 85]: 0.996857
  [35 65]: 0.000000
  [65 65]: 0.000000
  [50 60]: 0.000000
  [35 45]: 0.000000
  [65 45]: 0.000000


Time Step = 66
  [ 50 100]: 0.003882
  [ 35 115]: 0.000000
  [ 65 115]: 0.000000
  [35 90]: 0.000000
  [65 90]: 0.000073
  [50 85]: 0.996045
  [35 65]: 0.000000
  [65 65]: 0.000000
  [50 60]: 0.000000
  [35 45]: 0.000000
  [65 45]: 0.000000


Time Step = 67
  [ 50 100]: 0.008057
  [ 35 115]: 0.000000
  [ 65 115]: 0.000000
  [35 90]: 0.000000
  [65 90]: 0.000082
  [50 85]: 0.991861
  [35 65]: 0.000000
  [65 65]: 0.000000
  [50 60]: 0.000000
  [35 45]: 0.000000
  [65 45]: 0.000000


Time Step = 68
  [ 50 100]: 0.008149
  [ 35 115]: 0.000000
  [ 65 115]: 0.000000
  [35 90]: 0.000000
  [65 90]: 0.000122
  [50 85]: 0.991729
  [35 65]: 0.000000
  [65 65]: 0.000000
  [50 60]: 0.000000
  [35 45]: 0.000000
  [65 45]: 0.000000


Time Step = 69
  [ 50 100]: 0.007178
  [ 35 115]: 0.000000
  [ 65 115]: 0.000000
  [35 90]: 0.000000
  [65 90]: 0.000153
  [50 85]: 0.992669
  [35 65]: 0.000000
  [65 65]: 0.000000
  [50 60]: 0.000000
  [35 45]: 0.000000
  [65 45]: 0.000000


Time Step = 70
  [ 50 100]: 0.009517
  [ 35 115]: 0.000000
  [ 65 115]: 0.000000
  [35 90]: 0.000000
  [65 90]: 0.000129
  [50 85]: 0.990354
  [35 65]: 0.000000
  [65 65]: 0.000000
  [50 60]: 0.000000
  [35 45]: 0.000000
  [65 45]: 0.000000


Time Step = 71
  [ 50 100]: 0.007707
  [ 35 115]: 0.000000
  [ 65 115]: 0.000000
  [35 90]: 0.000000
  [65 90]: 0.000182
  [50 85]: 0.992111
  [35 65]: 0.000000
  [65 65]: 0.000000
  [50 60]: 0.000000
  [35 45]: 0.000000
  [65 45]: 0.000000


Time Step = 72
  [ 50 100]: 0.010848
  [ 35 115]: 0.000000
  [ 65 115]: 0.000000
  [35 90]: 0.000000
  [65 90]: 0.000153
  [50 85]: 0.988999
  [35 65]: 0.000000
  [65 65]: 0.000000
  [50 60]: 0.000000
  [35 45]: 0.000000
  [65 45]: 0.000000


Time Step = 73
  [ 50 100]: 0.020399
  [ 35 115]: 0.000000
  [ 65 115]: 0.000000
  [35 90]: 0.000000
  [65 90]: 0.000090
  [50 85]: 0.979511
  [35 65]: 0.000000
  [65 65]: 0.000000
  [50 60]: 0.000000
  [35 45]: 0.000000
  [65 45]: 0.000000


Time Step = 74
  [ 50 100]: 0.024285
  [ 35 115]: 0.000000
  [ 65 115]: 0.000000
  [35 90]: 0.000000
  [65 90]: 0.000100
  [50 85]: 0.975615
  [35 65]: 0.000000
  [65 65]: 0.000000
  [50 60]: 0.000000
  [35 45]: 0.000000
  [65 45]: 0.000000


Time Step = 75
  [ 50 100]: 0.044027
  [ 35 115]: 0.000000
  [ 65 115]: 0.000000
  [35 90]: 0.000000
  [65 90]: 0.000068
  [50 85]: 0.955905
  [35 65]: 0.000000
  [65 65]: 0.000000
  [50 60]: 0.000000
  [35 45]: 0.000000
  [65 45]: 0.000000


Time Step = 76
  [ 50 100]: 0.092267
  [ 35 115]: 0.000000
  [ 65 115]: 0.000000
  [35 90]: 0.000000
  [65 90]: 0.000044
  [50 85]: 0.907688
  [35 65]: 0.000000
  [65 65]: 0.000000
  [50 60]: 0.000000
  [35 45]: 0.000000
  [65 45]: 0.000000


Time Step = 77
  [ 50 100]: 0.104198
  [ 35 115]: 0.000000
  [ 65 115]: 0.000000
  [35 90]: 0.000000
  [65 90]: 0.000032
  [50 85]: 0.895770
  [35 65]: 0.000000
  [65 65]: 0.000000
  [50 60]: 0.000000
  [35 45]: 0.000000
  [65 45]: 0.000000


Time Step = 78
  [ 50 100]: 0.114045
  [ 35 115]: 0.000000
  [ 65 115]: 0.000000
  [35 90]: 0.000000
  [65 90]: 0.000029
  [50 85]: 0.885926
  [35 65]: 0.000000
  [65 65]: 0.000000
  [50 60]: 0.000000
  [35 45]: 0.000000
  [65 45]: 0.000000


Time Step = 79
  [ 50 100]: 0.100793
  [ 35 115]: 0.000000
  [ 65 115]: 0.000000
  [35 90]: 0.000000
  [65 90]: 0.000035
  [50 85]: 0.899172
  [35 65]: 0.000000
  [65 65]: 0.000000
  [50 60]: 0.000000
  [35 45]: 0.000000
  [65 45]: 0.000000


Time Step = 80
  [ 50 100]: 0.066828
  [ 35 115]: 0.000000
  [ 65 115]: 0.000000
  [35 90]: 0.000000
  [65 90]: 0.000045
  [50 85]: 0.933127
  [35 65]: 0.000000
  [65 65]: 0.000000
  [50 60]: 0.000000
  [35 45]: 0.000000
  [65 45]: 0.000000


Time Step = 81
  [ 50 100]: 0.117008
  [ 35 115]: 0.000000
  [ 65 115]: 0.000000
  [35 90]: 0.000000
  [65 90]: 0.000035
  [50 85]: 0.882957
  [35 65]: 0.000000
  [65 65]: 0.000000
  [50 60]: 0.000000
  [35 45]: 0.000000
  [65 45]: 0.000000


Time Step = 82
  [ 50 100]: 0.145335
  [ 35 115]: 0.000000
  [ 65 115]: 0.000000
  [35 90]: 0.000000
  [65 90]: 0.000027
  [50 85]: 0.854637
  [35 65]: 0.000000
  [65 65]: 0.000000
  [50 60]: 0.000000
  [35 45]: 0.000000
  [65 45]: 0.000000


Time Step = 83
  [ 50 100]: 0.169610
  [ 35 115]: 0.000000
  [ 65 115]: 0.000000
  [35 90]: 0.000000
  [65 90]: 0.000026
  [50 85]: 0.830364
  [35 65]: 0.000000
  [65 65]: 0.000000
  [50 60]: 0.000000
  [35 45]: 0.000000
  [65 45]: 0.000000


Time Step = 84
  [ 50 100]: 0.336509
  [ 35 115]: 0.000000
  [ 65 115]: 0.000001
  [35 90]: 0.000000
  [65 90]: 0.000015
  [50 85]: 0.663475
  [35 65]: 0.000000
  [65 65]: 0.000000
  [50 60]: 0.000000
  [35 45]: 0.000000
  [65 45]: 0.000000


Time Step = 85
  [ 50 100]: 0.378165
  [ 35 115]: 0.000000
  [ 65 115]: 0.000001
  [35 90]: 0.000000
  [65 90]: 0.000011
  [50 85]: 0.621823
  [35 65]: 0.000000
  [65 65]: 0.000000
  [50 60]: 0.000000
  [35 45]: 0.000000
  [65 45]: 0.000000


Time Step = 86
  [ 50 100]: 0.439426
  [ 35 115]: 0.000000
  [ 65 115]: 0.000001
  [35 90]: 0.000000
  [65 90]: 0.000008
  [50 85]: 0.560564
  [35 65]: 0.000000
  [65 65]: 0.000000
  [50 60]: 0.000000
  [35 45]: 0.000000
  [65 45]: 0.000000


Time Step = 87
  [ 50 100]: 0.251267
  [ 35 115]: 0.000000
  [ 65 115]: 0.000001
  [35 90]: 0.000000
  [65 90]: 0.000021
  [50 85]: 0.748711
  [35 65]: 0.000000
  [65 65]: 0.000000
  [50 60]: 0.000000
  [35 45]: 0.000000
  [65 45]: 0.000000


Time Step = 88
  [ 50 100]: 0.214365
  [ 35 115]: 0.000000
  [ 65 115]: 0.000001
  [35 90]: 0.000000
  [65 90]: 0.000025
  [50 85]: 0.785609
  [35 65]: 0.000000
  [65 65]: 0.000000
  [50 60]: 0.000000
  [35 45]: 0.000000
  [65 45]: 0.000000


Time Step = 89
  [ 50 100]: 0.125676
  [ 35 115]: 0.000000
  [ 65 115]: 0.000000
  [35 90]: 0.000000
  [65 90]: 0.000038
  [50 85]: 0.874286
  [35 65]: 0.000000
  [65 65]: 0.000000
  [50 60]: 0.000000
  [35 45]: 0.000000
  [65 45]: 0.000000


Time Step = 90
  [ 50 100]: 0.122872
  [ 35 115]: 0.000000
  [ 65 115]: 0.000000
  [35 90]: 0.000000
  [65 90]: 0.000043
  [50 85]: 0.877084
  [35 65]: 0.000000
  [65 65]: 0.000000
  [50 60]: 0.000000
  [35 45]: 0.000000
  [65 45]: 0.000000


Time Step = 91
  [ 50 100]: 0.156129
  [ 35 115]: 0.000000
  [ 65 115]: 0.000000
  [35 90]: 0.000000
  [65 90]: 0.000034
  [50 85]: 0.843836
  [35 65]: 0.000000
  [65 65]: 0.000000
  [50 60]: 0.000000
  [35 45]: 0.000000
  [65 45]: 0.000000


Time Step = 92
  [ 50 100]: 0.166322
  [ 35 115]: 0.000000
  [ 65 115]: 0.000000
  [35 90]: 0.000000
  [65 90]: 0.000028
  [50 85]: 0.833650
  [35 65]: 0.000000
  [65 65]: 0.000000
  [50 60]: 0.000000
  [35 45]: 0.000000
  [65 45]: 0.000000


Time Step = 93
  [ 50 100]: 0.223067
  [ 35 115]: 0.000000
  [ 65 115]: 0.000001
  [35 90]: 0.000000
  [65 90]: 0.000020
  [50 85]: 0.776913
  [35 65]: 0.000000
  [65 65]: 0.000000
  [50 60]: 0.000000
  [35 45]: 0.000000
  [65 45]: 0.000000


Time Step = 94
  [ 50 100]: 0.264935
  [ 35 115]: 0.000000
  [ 65 115]: 0.000001
  [35 90]: 0.000000
  [65 90]: 0.000015
  [50 85]: 0.735050
  [35 65]: 0.000000
  [65 65]: 0.000000
  [50 60]: 0.000000
  [35 45]: 0.000000
  [65 45]: 0.000000


Time Step = 95
  [ 50 100]: 0.259566
  [ 35 115]: 0.000000
  [ 65 115]: 0.000001
  [35 90]: 0.000000
  [65 90]: 0.000014
  [50 85]: 0.740419
  [35 65]: 0.000000
  [65 65]: 0.000000
  [50 60]: 0.000000
  [35 45]: 0.000000
  [65 45]: 0.000000


Time Step = 96
  [ 50 100]: 0.185526
  [ 35 115]: 0.000000
  [ 65 115]: 0.000000
  [35 90]: 0.000000
  [65 90]: 0.000022
  [50 85]: 0.814452
  [35 65]: 0.000000
  [65 65]: 0.000000
  [50 60]: 0.000000
  [35 45]: 0.000000
  [65 45]: 0.000000


Time Step = 97
  [ 50 100]: 0.239083
  [ 35 115]: 0.000000
  [ 65 115]: 0.000001
  [35 90]: 0.000000
  [65 90]: 0.000016
  [50 85]: 0.760901
  [35 65]: 0.000000
  [65 65]: 0.000000
  [50 60]: 0.000000
  [35 45]: 0.000000
  [65 45]: 0.000000


Time Step = 98
  [ 50 100]: 0.218577
  [ 35 115]: 0.000000
  [ 65 115]: 0.000000
  [35 90]: 0.000000
  [65 90]: 0.000017
  [50 85]: 0.781405
  [35 65]: 0.000000
  [65 65]: 0.000000
  [50 60]: 0.000000
  [35 45]: 0.000000
  [65 45]: 0.000000


Time Step = 99
  [ 50 100]: 0.223695
  [ 35 115]: 0.000000
  [ 65 115]: 0.000000
  [35 90]: 0.000000
  [65 90]: 0.000016
  [50 85]: 0.776289
  [35 65]: 0.000000
  [65 65]: 0.000000
  [50 60]: 0.000000
  [35 45]: 0.000000
  [65 45]: 0.000000


Time Step = 100
  [ 50 100]: 0.235797
  [ 35 115]: 0.000000
  [ 65 115]: 0.000000
  [35 90]: 0.000000
  [65 90]: 0.000016
  [50 85]: 0.764187
  [35 65]: 0.000000
  [65 65]: 0.000000
  [50 60]: 0.000000
  [35 45]: 0.000000
  [65 45]: 0.000000


Time Step = 101
  [ 50 100]: 0.315982
  [ 35 115]: 0.000000
  [ 65 115]: 0.000001
  [35 90]: 0.000000
  [65 90]: 0.000011
  [50 85]: 0.684006
  [35 65]: 0.000000
  [65 65]: 0.000000
  [50 60]: 0.000000
  [35 45]: 0.000000
  [65 45]: 0.000000


Time Step = 102
  [ 50 100]: 0.306913
  [ 35 115]: 0.000000
  [ 65 115]: 0.000001
  [35 90]: 0.000000
  [65 90]: 0.000012
  [50 85]: 0.693074
  [35 65]: 0.000000
  [65 65]: 0.000000
  [50 60]: 0.000000
  [35 45]: 0.000000
  [65 45]: 0.000000


Time Step = 103
  [ 50 100]: 0.294364
  [ 35 115]: 0.000000
  [ 65 115]: 0.000001
  [35 90]: 0.000000
  [65 90]: 0.000014
  [50 85]: 0.705621
  [35 65]: 0.000000
  [65 65]: 0.000000
  [50 60]: 0.000000
  [35 45]: 0.000000
  [65 45]: 0.000000


Time Step = 104
  [ 50 100]: 0.337775
  [ 35 115]: 0.000000
  [ 65 115]: 0.000001
  [35 90]: 0.000000
  [65 90]: 0.000012
  [50 85]: 0.662212
  [35 65]: 0.000000
  [65 65]: 0.000000
  [50 60]: 0.000000
  [35 45]: 0.000000
  [65 45]: 0.000000


Time Step = 105
  [ 50 100]: 0.383657
  [ 35 115]: 0.000000
  [ 65 115]: 0.000001
  [35 90]: 0.000000
  [65 90]: 0.000009
  [50 85]: 0.616333
  [35 65]: 0.000000
  [65 65]: 0.000000
  [50 60]: 0.000000
  [35 45]: 0.000000
  [65 45]: 0.000000


Time Step = 106
  [ 50 100]: 0.420470
  [ 35 115]: 0.000000
  [ 65 115]: 0.000001
  [35 90]: 0.000000
  [65 90]: 0.000007
  [50 85]: 0.579522
  [35 65]: 0.000000
  [65 65]: 0.000000
  [50 60]: 0.000000
  [35 45]: 0.000000
  [65 45]: 0.000000


Time Step = 107
  [ 50 100]: 0.406134
  [ 35 115]: 0.000000
  [ 65 115]: 0.000001
  [35 90]: 0.000000
  [65 90]: 0.000007
  [50 85]: 0.593858
  [35 65]: 0.000000
  [65 65]: 0.000000
  [50 60]: 0.000000
  [35 45]: 0.000000
  [65 45]: 0.000000


Time Step = 108
  [ 50 100]: 0.389235
  [ 35 115]: 0.000000
  [ 65 115]: 0.000001
  [35 90]: 0.000000
  [65 90]: 0.000008
  [50 85]: 0.610757
  [35 65]: 0.000000
  [65 65]: 0.000000
  [50 60]: 0.000000
  [35 45]: 0.000000
  [65 45]: 0.000000


Time Step = 109
  [ 50 100]: 0.340503
  [ 35 115]: 0.000000
  [ 65 115]: 0.000001
  [35 90]: 0.000000
  [65 90]: 0.000009
  [50 85]: 0.659487
  [35 65]: 0.000000
  [65 65]: 0.000000
  [50 60]: 0.000000
  [35 45]: 0.000000
  [65 45]: 0.000000


Time Step = 110
  [ 50 100]: 0.391680
  [ 35 115]: 0.000000
  [ 65 115]: 0.000001
  [35 90]: 0.000000
  [65 90]: 0.000007
  [50 85]: 0.608312
  [35 65]: 0.000000
  [65 65]: 0.000000
  [50 60]: 0.000000
  [35 45]: 0.000000
  [65 45]: 0.000000


Time Step = 111
  [ 50 100]: 0.345787
  [ 35 115]: 0.000000
  [ 65 115]: 0.000001
  [35 90]: 0.000000
  [65 90]: 0.000008
  [50 85]: 0.654204
  [35 65]: 0.000000
  [65 65]: 0.000000
  [50 60]: 0.000000
  [35 45]: 0.000000
  [65 45]: 0.000000


Time Step = 112
  [ 50 100]: 0.361746
  [ 35 115]: 0.000000
  [ 65 115]: 0.000001
  [35 90]: 0.000000
  [65 90]: 0.000007
  [50 85]: 0.638247
  [35 65]: 0.000000
  [65 65]: 0.000000
  [50 60]: 0.000000
  [35 45]: 0.000000
  [65 45]: 0.000000


Time Step = 113
  [ 50 100]: 0.330401
  [ 35 115]: 0.000000
  [ 65 115]: 0.000001
  [35 90]: 0.000000
  [65 90]: 0.000008
  [50 85]: 0.669590
  [35 65]: 0.000000
  [65 65]: 0.000000
  [50 60]: 0.000000
  [35 45]: 0.000000
  [65 45]: 0.000000


Time Step = 114
  [ 50 100]: 0.299287
  [ 35 115]: 0.000000
  [ 65 115]: 0.000000
  [35 90]: 0.000000
  [65 90]: 0.000009
  [50 85]: 0.700703
  [35 65]: 0.000000
  [65 65]: 0.000000
  [50 60]: 0.000000
  [35 45]: 0.000000
  [65 45]: 0.000000


Time Step = 115
  [ 50 100]: 0.245535
  [ 35 115]: 0.000000
  [ 65 115]: 0.000000
  [35 90]: 0.000000
  [65 90]: 0.000011
  [50 85]: 0.754454
  [35 65]: 0.000000
  [65 65]: 0.000000
  [50 60]: 0.000000
  [35 45]: 0.000000
  [65 45]: 0.000000


Time Step = 116
  [ 50 100]: 0.308536
  [ 35 115]: 0.000000
  [ 65 115]: 0.000000
  [35 90]: 0.000000
  [65 90]: 0.000008
  [50 85]: 0.691455
  [35 65]: 0.000000
  [65 65]: 0.000000
  [50 60]: 0.000000
  [35 45]: 0.000000
  [65 45]: 0.000000


Time Step = 117
  [ 50 100]: 0.305335
  [ 35 115]: 0.000000
  [ 65 115]: 0.000000
  [35 90]: 0.000000
  [65 90]: 0.000008
  [50 85]: 0.694657
  [35 65]: 0.000000
  [65 65]: 0.000000
  [50 60]: 0.000000
  [35 45]: 0.000000
  [65 45]: 0.000000


Time Step = 118
  [ 50 100]: 0.315425
  [ 35 115]: 0.000000
  [ 65 115]: 0.000000
  [35 90]: 0.000000
  [65 90]: 0.000008
  [50 85]: 0.684567
  [35 65]: 0.000000
  [65 65]: 0.000000
  [50 60]: 0.000000
  [35 45]: 0.000000
  [65 45]: 0.000000


Time Step = 119
  [ 50 100]: 0.323088
  [ 35 115]: 0.000000
  [ 65 115]: 0.000000
  [35 90]: 0.000000
  [65 90]: 0.000008
  [50 85]: 0.676904
  [35 65]: 0.000000
  [65 65]: 0.000000
  [50 60]: 0.000000
  [35 45]: 0.000000
  [65 45]: 0.000000


Time Step = 120
  [ 50 100]: 0.389367
  [ 35 115]: 0.000000
  [ 65 115]: 0.000001
  [35 90]: 0.000000
  [65 90]: 0.000006
  [50 85]: 0.610626
  [35 65]: 0.000000
  [65 65]: 0.000000
  [50 60]: 0.000000
  [35 45]: 0.000000
  [65 45]: 0.000000


Time Step = 121
  [ 50 100]: 0.334346
  [ 35 115]: 0.000000
  [ 65 115]: 0.000001
  [35 90]: 0.000000
  [65 90]: 0.000008
  [50 85]: 0.665646
  [35 65]: 0.000000
  [65 65]: 0.000000
  [50 60]: 0.000000
  [35 45]: 0.000000
  [65 45]: 0.000000


Time Step = 122
  [ 50 100]: 0.318938
  [ 35 115]: 0.000000
  [ 65 115]: 0.000001
  [35 90]: 0.000000
  [65 90]: 0.000008
  [50 85]: 0.681053
  [35 65]: 0.000000
  [65 65]: 0.000000
  [50 60]: 0.000000
  [35 45]: 0.000000
  [65 45]: 0.000000


Time Step = 123
  [ 50 100]: 0.308689
  [ 35 115]: 0.000000
  [ 65 115]: 0.000001
  [35 90]: 0.000000
  [65 90]: 0.000009
  [50 85]: 0.691302
  [35 65]: 0.000000
  [65 65]: 0.000000
  [50 60]: 0.000000
  [35 45]: 0.000000
  [65 45]: 0.000000


Time Step = 124
  [ 50 100]: 0.284520
  [ 35 115]: 0.000000
  [ 65 115]: 0.000001
  [35 90]: 0.000000
  [65 90]: 0.000011
  [50 85]: 0.715469
  [35 65]: 0.000000
  [65 65]: 0.000000
  [50 60]: 0.000000
  [35 45]: 0.000000
  [65 45]: 0.000000


Time Step = 125
  [ 50 100]: 0.258192
  [ 35 115]: 0.000000
  [ 65 115]: 0.000000
  [35 90]: 0.000000
  [65 90]: 0.000012
  [50 85]: 0.741796
  [35 65]: 0.000000
  [65 65]: 0.000000
  [50 60]: 0.000000
  [35 45]: 0.000000
  [65 45]: 0.000000


Time Step = 126
  [ 50 100]: 0.264858
  [ 35 115]: 0.000000
  [ 65 115]: 0.000000
  [35 90]: 0.000000
  [65 90]: 0.000011
  [50 85]: 0.735130
  [35 65]: 0.000000
  [65 65]: 0.000000
  [50 60]: 0.000000
  [35 45]: 0.000000
  [65 45]: 0.000000


Time Step = 127
  [ 50 100]: 0.257551
  [ 35 115]: 0.000000
  [ 65 115]: 0.000000
  [35 90]: 0.000000
  [65 90]: 0.000011
  [50 85]: 0.742437
  [35 65]: 0.000000
  [65 65]: 0.000000
  [50 60]: 0.000000
  [35 45]: 0.000000
  [65 45]: 0.000000


Time Step = 128
  [ 50 100]: 0.254760
  [ 35 115]: 0.000000
  [ 65 115]: 0.000000
  [35 90]: 0.000000
  [65 90]: 0.000012
  [50 85]: 0.745227
  [35 65]: 0.000000
  [65 65]: 0.000000
  [50 60]: 0.000000
  [35 45]: 0.000000
  [65 45]: 0.000000


Time Step = 129
  [ 50 100]: 0.272147
  [ 35 115]: 0.000000
  [ 65 115]: 0.000000
  [35 90]: 0.000000
  [65 90]: 0.000011
  [50 85]: 0.727842
  [35 65]: 0.000000
  [65 65]: 0.000000
  [50 60]: 0.000000
  [35 45]: 0.000000
  [65 45]: 0.000000


Time Step = 130
  [ 50 100]: 0.291989
  [ 35 115]: 0.000000
  [ 65 115]: 0.000000
  [35 90]: 0.000000
  [65 90]: 0.000010
  [50 85]: 0.708001
  [35 65]: 0.000000
  [65 65]: 0.000000
  [50 60]: 0.000000
  [35 45]: 0.000000
  [65 45]: 0.000000


Time Step = 131
  [ 50 100]: 0.288736
  [ 35 115]: 0.000000
  [ 65 115]: 0.000000
  [35 90]: 0.000000
  [65 90]: 0.000010
  [50 85]: 0.711254
  [35 65]: 0.000000
  [65 65]: 0.000000
  [50 60]: 0.000000
  [35 45]: 0.000000
  [65 45]: 0.000000


Time Step = 132
  [ 50 100]: 0.297245
  [ 35 115]: 0.000000
  [ 65 115]: 0.000001
  [35 90]: 0.000000
  [65 90]: 0.000010
  [50 85]: 0.702745
  [35 65]: 0.000000
  [65 65]: 0.000000
  [50 60]: 0.000000
  [35 45]: 0.000000
  [65 45]: 0.000000


Time Step = 133
  [ 50 100]: 0.308622
  [ 35 115]: 0.000000
  [ 65 115]: 0.000000
  [35 90]: 0.000000
  [65 90]: 0.000009
  [50 85]: 0.691369
  [35 65]: 0.000000
  [65 65]: 0.000000
  [50 60]: 0.000000
  [35 45]: 0.000000
  [65 45]: 0.000000


Time Step = 134
  [ 50 100]: 0.315047
  [ 35 115]: 0.000000
  [ 65 115]: 0.000001
  [35 90]: 0.000000
  [65 90]: 0.000008
  [50 85]: 0.684944
  [35 65]: 0.000000
  [65 65]: 0.000000
  [50 60]: 0.000000
  [35 45]: 0.000000
  [65 45]: 0.000000


Time Step = 135
  [ 50 100]: 0.332528
  [ 35 115]: 0.000000
  [ 65 115]: 0.000001
  [35 90]: 0.000000
  [65 90]: 0.000008
  [50 85]: 0.667463
  [35 65]: 0.000000
  [65 65]: 0.000000
  [50 60]: 0.000000
  [35 45]: 0.000000
  [65 45]: 0.000000


Time Step = 136
  [ 50 100]: 0.362646
  [ 35 115]: 0.000000
  [ 65 115]: 0.000001
  [35 90]: 0.000000
  [65 90]: 0.000007
  [50 85]: 0.637347
  [35 65]: 0.000000
  [65 65]: 0.000000
  [50 60]: 0.000000
  [35 45]: 0.000000
  [65 45]: 0.000000


Time Step = 137
  [ 50 100]: 0.390435
  [ 35 115]: 0.000000
  [ 65 115]: 0.000001
  [35 90]: 0.000000
  [65 90]: 0.000006
  [50 85]: 0.609558
  [35 65]: 0.000000
  [65 65]: 0.000000
  [50 60]: 0.000000
  [35 45]: 0.000000
  [65 45]: 0.000000


Time Step = 138
  [ 50 100]: 0.387194
  [ 35 115]: 0.000000
  [ 65 115]: 0.000001
  [35 90]: 0.000000
  [65 90]: 0.000007
  [50 85]: 0.612799
  [35 65]: 0.000000
  [65 65]: 0.000000
  [50 60]: 0.000000
  [35 45]: 0.000000
  [65 45]: 0.000000


Time Step = 139
  [ 50 100]: 0.378826
  [ 35 115]: 0.000000
  [ 65 115]: 0.000001
  [35 90]: 0.000000
  [65 90]: 0.000007
  [50 85]: 0.621167
  [35 65]: 0.000000
  [65 65]: 0.000000
  [50 60]: 0.000000
  [35 45]: 0.000000
  [65 45]: 0.000000


Time Step = 140
  [ 50 100]: 0.378030
  [ 35 115]: 0.000000
  [ 65 115]: 0.000001
  [35 90]: 0.000000
  [65 90]: 0.000007
  [50 85]: 0.621962
  [35 65]: 0.000000
  [65 65]: 0.000000
  [50 60]: 0.000000
  [35 45]: 0.000000
  [65 45]: 0.000000


Time Step = 141
  [ 50 100]: 0.376308
  [ 35 115]: 0.000000
  [ 65 115]: 0.000001
  [35 90]: 0.000000
  [65 90]: 0.000007
  [50 85]: 0.623685
  [35 65]: 0.000000
  [65 65]: 0.000000
  [50 60]: 0.000000
  [35 45]: 0.000000
  [65 45]: 0.000000


Time Step = 142
  [ 50 100]: 0.361242
  [ 35 115]: 0.000000
  [ 65 115]: 0.000001
  [35 90]: 0.000000
  [65 90]: 0.000007
  [50 85]: 0.638750
  [35 65]: 0.000000
  [65 65]: 0.000000
  [50 60]: 0.000000
  [35 45]: 0.000000
  [65 45]: 0.000000


Time Step = 143
  [ 50 100]: 0.336238
  [ 35 115]: 0.000000
  [ 65 115]: 0.000001
  [35 90]: 0.000000
  [65 90]: 0.000008
  [50 85]: 0.663754
  [35 65]: 0.000000
  [65 65]: 0.000000
  [50 60]: 0.000000
  [35 45]: 0.000000
  [65 45]: 0.000000


Time Step = 144
  [ 50 100]: 0.331647
  [ 35 115]: 0.000000
  [ 65 115]: 0.000001
  [35 90]: 0.000000
  [65 90]: 0.000008
  [50 85]: 0.668344
  [35 65]: 0.000000
  [65 65]: 0.000000
  [50 60]: 0.000000
  [35 45]: 0.000000
  [65 45]: 0.000000


Time Step = 145
  [ 50 100]: 0.315816
  [ 35 115]: 0.000000
  [ 65 115]: 0.000001
  [35 90]: 0.000000
  [65 90]: 0.000009
  [50 85]: 0.684175
  [35 65]: 0.000000
  [65 65]: 0.000000
  [50 60]: 0.000000
  [35 45]: 0.000000
  [65 45]: 0.000000


Time Step = 146
  [ 50 100]: 0.315904
  [ 35 115]: 0.000000
  [ 65 115]: 0.000001
  [35 90]: 0.000000
  [65 90]: 0.000009
  [50 85]: 0.684086
  [35 65]: 0.000000
  [65 65]: 0.000000
  [50 60]: 0.000000
  [35 45]: 0.000000
  [65 45]: 0.000000


Time Step = 147
  [ 50 100]: 0.331844
  [ 35 115]: 0.000000
  [ 65 115]: 0.000001
  [35 90]: 0.000000
  [65 90]: 0.000009
  [50 85]: 0.668147
  [35 65]: 0.000000
  [65 65]: 0.000000
  [50 60]: 0.000000
  [35 45]: 0.000000
  [65 45]: 0.000000


Time Step = 148
  [ 50 100]: 0.338301
  [ 35 115]: 0.000000
  [ 65 115]: 0.000001
  [35 90]: 0.000000
  [65 90]: 0.000008
  [50 85]: 0.661690
  [35 65]: 0.000000
  [65 65]: 0.000000
  [50 60]: 0.000000
  [35 45]: 0.000000
  [65 45]: 0.000000


Time Step = 149
  [ 50 100]: 0.340090
  [ 35 115]: 0.000000
  [ 65 115]: 0.000001
  [35 90]: 0.000000
  [65 90]: 0.000008
  [50 85]: 0.659901
  [35 65]: 0.000000
  [65 65]: 0.000000
  [50 60]: 0.000000
  [35 45]: 0.000000
  [65 45]: 0.000000


