Posterior Probabilities for Each Goal at Each Time Step
============================================================

Time Step = 0
  [ 50 100]: 0.250000
  [ 35 115]: 0.100000
  [ 65 115]: 0.100000
  [35 90]: 0.100000
  [65 90]: 0.100000
  [50 85]: 0.100000
  [35 65]: 0.050000
  [65 65]: 0.050000
  [50 60]: 0.050000
  [35 45]: 0.050000
  [65 45]: 0.050000


Time Step = 1
  [ 50 100]: 0.002962
  [ 35 115]: 0.000006
  [ 65 115]: 0.000104
  [35 90]: 0.002790
  [65 90]: 0.011074
  [50 85]: 0.018645
  [35 65]: 0.084444
  [65 65]: 0.073481
  [50 60]: 0.174227
  [35 45]: 0.502417
  [65 45]: 0.129850


Time Step = 2
  [ 50 100]: 0.004306
  [ 35 115]: 0.000001
  [ 65 115]: 0.000335
  [35 90]: 0.001200
  [65 90]: 0.062153
  [50 85]: 0.037049
  [35 65]: 0.048248
  [65 65]: 0.260507
  [50 60]: 0.258941
  [35 45]: 0.173648
  [65 45]: 0.153613


Time Step = 3
  [ 50 100]: 0.011003
  [ 35 115]: 0.000000
  [ 65 115]: 0.001351
  [35 90]: 0.001513
  [65 90]: 0.217394
  [50 85]: 0.086161
  [35 65]: 0.042288
  [65 65]: 0.305128
  [50 60]: 0.240114
  [35 45]: 0.057287
  [65 45]: 0.037760


Time Step = 4
  [ 50 100]: 0.044578
  [ 35 115]: 0.000001
  [ 65 115]: 0.030220
  [35 90]: 0.001235
  [65 90]: 0.727570
  [50 85]: 0.111255
  [35 65]: 0.004214
  [65 65]: 0.058600
  [50 60]: 0.021423
  [35 45]: 0.000532
  [65 45]: 0.000370


Time Step = 5
  [ 50 100]: 0.001190
  [ 35 115]: 0.000000
  [ 65 115]: 0.002198
  [35 90]: 0.000006
  [65 90]: 0.662898
  [50 85]: 0.013535
  [35 65]: 0.000212
  [65 65]: 0.298555
  [50 60]: 0.017129
  [35 45]: 0.000100
  [65 45]: 0.004177


Time Step = 6
  [ 50 100]: 0.003051
  [ 35 115]: 0.000000
  [ 65 115]: 0.007121
  [35 90]: 0.000012
  [65 90]: 0.872446
  [50 85]: 0.020228
  [35 65]: 0.000160
  [65 65]: 0.090113
  [50 60]: 0.006591
  [35 45]: 0.000022
  [65 45]: 0.000257


Time Step = 7
  [ 50 100]: 0.002541
  [ 35 115]: 0.000000
  [ 65 115]: 0.010370
  [35 90]: 0.000005
  [65 90]: 0.924467
  [50 85]: 0.013926
  [35 65]: 0.000049
  [65 65]: 0.046201
  [50 60]: 0.002384
  [35 45]: 0.000004
  [65 45]: 0.000055


Time Step = 8
  [ 50 100]: 0.000890
  [ 35 115]: 0.000000
  [ 65 115]: 0.003659
  [35 90]: 0.000001
  [65 90]: 0.897642
  [50 85]: 0.008957
  [35 65]: 0.000032
  [65 65]: 0.085536
  [50 60]: 0.003148
  [35 45]: 0.000004
  [65 45]: 0.000131


Time Step = 9
  [ 50 100]: 0.000272
  [ 35 115]: 0.000000
  [ 65 115]: 0.001364
  [35 90]: 0.000000
  [65 90]: 0.856681
  [50 85]: 0.004823
  [35 65]: 0.000014
  [65 65]: 0.133586
  [50 60]: 0.003038
  [35 45]: 0.000002
  [65 45]: 0.000220


Time Step = 10
  [ 50 100]: 0.000005
  [ 35 115]: 0.000000
  [ 65 115]: 0.000030
  [35 90]: 0.000000
  [65 90]: 0.377090
  [50 85]: 0.000578
  [35 65]: 0.000002
  [65 65]: 0.613813
  [50 60]: 0.004338
  [35 45]: 0.000002
  [65 45]: 0.004142


Time Step = 11
  [ 50 100]: 0.000006
  [ 35 115]: 0.000000
  [ 65 115]: 0.000048
  [35 90]: 0.000000
  [65 90]: 0.608259
  [50 85]: 0.000662
  [35 65]: 0.000001
  [65 65]: 0.388030
  [50 60]: 0.002365
  [35 45]: 0.000001
  [65 45]: 0.000628


Time Step = 12
  [ 50 100]: 0.000001
  [ 35 115]: 0.000000
  [ 65 115]: 0.000006
  [35 90]: 0.000000
  [65 90]: 0.481242
  [50 85]: 0.000291
  [35 65]: 0.000000
  [65 65]: 0.515688
  [50 60]: 0.002269
  [35 45]: 0.000000
  [65 45]: 0.000502


Time Step = 13
  [ 50 100]: 0.000001
  [ 35 115]: 0.000000
  [ 65 115]: 0.000011
  [35 90]: 0.000000
  [65 90]: 0.825242
  [50 85]: 0.000427
  [35 65]: 0.000000
  [65 65]: 0.173401
  [50 60]: 0.000902
  [35 45]: 0.000000
  [65 45]: 0.000015


Time Step = 14
  [ 50 100]: 0.000000
  [ 35 115]: 0.000000
  [ 65 115]: 0.000002
  [35 90]: 0.000000
  [65 90]: 0.792784
  [50 85]: 0.000243
  [35 65]: 0.000000
  [65 65]: 0.206061
  [50 60]: 0.000905
  [35 45]: 0.000000
  [65 45]: 0.000006


Time Step = 15
  [ 50 100]: 0.000000
  [ 35 115]: 0.000000
  [ 65 115]: 0.000000
  [35 90]: 0.000000
  [65 90]: 0.588459
  [50 85]: 0.000189
  [35 65]: 0.000000
  [65 65]: 0.408644
  [50 60]: 0.002700
  [35 45]: 0.000000
  [65 45]: 0.000007


Time Step = 16
  [ 50 100]: 0.000000
  [ 35 115]: 0.000000
  [ 65 115]: 0.000000
  [35 90]: 0.000000
  [65 90]: 0.025504
  [50 85]: 0.000002
  [35 65]: 0.000000
  [65 65]: 0.971883
  [50 60]: 0.002484
  [35 45]: 0.000000
  [65 45]: 0.000126


Time Step = 17
  [ 50 100]: 0.000000
  [ 35 115]: 0.000000
  [ 65 115]: 0.000000
  [35 90]: 0.000000
  [65 90]: 0.000408
  [50 85]: 0.000000
  [35 65]: 0.000000
  [65 65]: 0.997147
  [50 60]: 0.001186
  [35 45]: 0.000000
  [65 45]: 0.001259


Time Step = 18
  [ 50 100]: 0.000000
  [ 35 115]: 0.000000
  [ 65 115]: 0.000000
  [35 90]: 0.000000
  [65 90]: 0.000007
  [50 85]: 0.000000
  [35 65]: 0.000000
  [65 65]: 0.986181
  [50 60]: 0.000413
  [35 45]: 0.000000
  [65 45]: 0.013399


Time Step = 19
  [ 50 100]: 0.000000
  [ 35 115]: 0.000000
  [ 65 115]: 0.000000
  [35 90]: 0.000000
  [65 90]: 0.000000
  [50 85]: 0.000000
  [35 65]: 0.000000
  [65 65]: 0.949338
  [50 60]: 0.000109
  [35 45]: 0.000000
  [65 45]: 0.050553


Time Step = 20
  [ 50 100]: 0.000000
  [ 35 115]: 0.000000
  [ 65 115]: 0.000000
  [35 90]: 0.000000
  [65 90]: 0.000000
  [50 85]: 0.000000
  [35 65]: 0.000000
  [65 65]: 0.934436
  [50 60]: 0.000038
  [35 45]: 0.000000
  [65 45]: 0.065525


Time Step = 21
  [ 50 100]: 0.000000
  [ 35 115]: 0.000000
  [ 65 115]: 0.000000
  [35 90]: 0.000000
  [65 90]: 0.000000
  [50 85]: 0.000000
  [35 65]: 0.000000
  [65 65]: 0.983621
  [50 60]: 0.000018
  [35 45]: 0.000000
  [65 45]: 0.016361


Time Step = 22
  [ 50 100]: 0.000000
  [ 35 115]: 0.000000
  [ 65 115]: 0.000000
  [35 90]: 0.000000
  [65 90]: 0.000001
  [50 85]: 0.000000
  [35 65]: 0.000000
  [65 65]: 0.997907
  [50 60]: 0.000020
  [35 45]: 0.000000
  [65 45]: 0.002071


Time Step = 23
  [ 50 100]: 0.000000
  [ 35 115]: 0.000000
  [ 65 115]: 0.000000
  [35 90]: 0.000000
  [65 90]: 0.000001
  [50 85]: 0.000000
  [35 65]: 0.000000
  [65 65]: 0.998963
  [50 60]: 0.000014
  [35 45]: 0.000000
  [65 45]: 0.001021


Time Step = 24
  [ 50 100]: 0.000000
  [ 35 115]: 0.000000
  [ 65 115]: 0.000000
  [35 90]: 0.000000
  [65 90]: 0.000165
  [50 85]: 0.000000
  [35 65]: 0.000000
  [65 65]: 0.999769
  [50 60]: 0.000055
  [35 45]: 0.000000
  [65 45]: 0.000011


Time Step = 25
  [ 50 100]: 0.000000
  [ 35 115]: 0.000000
  [ 65 115]: 0.000000
  [35 90]: 0.000000
  [65 90]: 0.006544
  [50 85]: 0.000000
  [35 65]: 0.000000
  [65 65]: 0.993327
  [50 60]: 0.000129
  [35 45]: 0.000000
  [65 45]: 0.000000


Time Step = 26
  [ 50 100]: 0.000000
  [ 35 115]: 0.000000
  [ 65 115]: 0.000000
  [35 90]: 0.000000
  [65 90]: 0.435499
  [50 85]: 0.000001
  [35 65]: 0.000000
  [65 65]: 0.564235
  [50 60]: 0.000265
  [35 45]: 0.000000
  [65 45]: 0.000000


Time Step = 27
  [ 50 100]: 0.000000
  [ 35 115]: 0.000000
  [ 65 115]: 0.000000
  [35 90]: 0.000000
  [65 90]: 0.782415
  [50 85]: 0.000001
  [35 65]: 0.000000
  [65 65]: 0.217514
  [50 60]: 0.000070
  [35 45]: 0.000000
  [65 45]: 0.000000


Time Step = 28
  [ 50 100]: 0.000000
  [ 35 115]: 0.000000
  [ 65 115]: 0.000000
  [35 90]: 0.000000
  [65 90]: 0.983724
  [50 85]: 0.000002
  [35 65]: 0.000000
  [65 65]: 0.016264
  [50 60]: 0.000011
  [35 45]: 0.000000
  [65 45]: 0.000000


Time Step = 29
  [ 50 100]: 0.000000
  [ 35 115]: 0.000000
  [ 65 115]: 0.000000
  [35 90]: 0.000000
  [65 90]: 0.996458
  [50 85]: 0.000001
  [35 65]: 0.000000
  [65 65]: 0.003540
  [50 60]: 0.000002
  [35 45]: 0.000000
  [65 45]: 0.000000


Time Step = 30
  [ 50 100]: 0.000000
  [ 35 115]: 0.000000
  [ 65 115]: 0.000000
  [35 90]: 0.000000
  [65 90]: 0.999897
  [50 85]: 0.000002
  [35 65]: 0.000000
  [65 65]: 0.000101
  [50 60]: 0.000000
  [35 45]: 0.000000
  [65 45]: 0.000000


Time Step = 31
  [ 50 100]: 0.000000
  [ 35 115]: 0.000000
  [ 65 115]: 0.000000
  [35 90]: 0.000000
  [65 90]: 0.999993
  [50 85]: 0.000002
  [35 65]: 0.000000
  [65 65]: 0.000006
  [50 60]: 0.000000
  [35 45]: 0.000000
  [65 45]: 0.000000


Time Step = 32
  [ 50 100]: 0.000000
  [ 35 115]: 0.000000
  [ 65 115]: 0.000000
  [35 90]: 0.000000
  [65 90]: 0.999998
  [50 85]: 0.000002
  [35 65]: 0.000000
  [65 65]: 0.000001
  [50 60]: 0.000000
  [35 45]: 0.000000
  [65 45]: 0.000000


Time Step = 33
  [ 50 100]: 0.000000
  [ 35 115]: 0.000000
  [ 65 115]: 0.000000
  [35 90]: 0.000000
  [65 90]: 0.999997
  [50 85]: 0.000003
  [35 65]: 0.000000
  [65 65]: 0.000000
  [50 60]: 0.000000
  [35 45]: 0.000000
  [65 45]: 0.000000


Time Step = 34
  [ 50 100]: 0.000000
  [ 35 115]: 0.000000
  [ 65 115]: 0.000000
  [35 90]: 0.000000
  [65 90]: 0.999992
  [50 85]: 0.000007
  [35 65]: 0.000000
  [65 65]: 0.000000
  [50 60]: 0.000000
  [35 45]: 0.000000
  [65 45]: 0.000000


Time Step = 35
  [ 50 100]: 0.000000
  [ 35 115]: 0.000000
  [ 65 115]: 0.000000
  [35 90]: 0.000000
  [65 90]: 0.999987
  [50 85]: 0.000012
  [35 65]: 0.000000
  [65 65]: 0.000000
  [50 60]: 0.000000
  [35 45]: 0.000000
  [65 45]: 0.000000


Time Step = 36
  [ 50 100]: 0.000000
  [ 35 115]: 0.000000
  [ 65 115]: 0.000015
  [35 90]: 0.000000
  [65 90]: 0.999949
  [50 85]: 0.000035
  [35 65]: 0.000000
  [65 65]: 0.000000
  [50 60]: 0.000000
  [35 45]: 0.000000
  [65 45]: 0.000000


Time Step = 37
  [ 50 100]: 0.000000
  [ 35 115]: 0.000000
  [ 65 115]: 0.000078
  [35 90]: 0.000000
  [65 90]: 0.999878
  [50 85]: 0.000043
  [35 65]: 0.000000
  [65 65]: 0.000000
  [50 60]: 0.000000
  [35 45]: 0.000000
  [65 45]: 0.000000


Time Step = 38
  [ 50 100]: 0.000001
  [ 35 115]: 0.000000
  [ 65 115]: 0.000321
  [35 90]: 0.000000
  [65 90]: 0.999622
  [50 85]: 0.000056
  [35 65]: 0.000000
  [65 65]: 0.000000
  [50 60]: 0.000000
  [35 45]: 0.000000
  [65 45]: 0.000000


Time Step = 39
  [ 50 100]: 0.000000
  [ 35 115]: 0.000000
  [ 65 115]: 0.000022
  [35 90]: 0.000000
  [65 90]: 0.999964
  [50 85]: 0.000014
  [35 65]: 0.000000
  [65 65]: 0.000000
  [50 60]: 0.000000
  [35 45]: 0.000000
  [65 45]: 0.000000


Time Step = 40
  [ 50 100]: 0.000000
  [ 35 115]: 0.000000
  [ 65 115]: 0.000003
  [35 90]: 0.000000
  [65 90]: 0.999992
  [50 85]: 0.000005
  [35 65]: 0.000000
  [65 65]: 0.000000
  [50 60]: 0.000000
  [35 45]: 0.000000
  [65 45]: 0.000000


Time Step = 41
  [ 50 100]: 0.000000
  [ 35 115]: 0.000000
  [ 65 115]: 0.000002
  [35 90]: 0.000000
  [65 90]: 0.999994
  [50 85]: 0.000003
  [35 65]: 0.000000
  [65 65]: 0.000000
  [50 60]: 0.000000
  [35 45]: 0.000000
  [65 45]: 0.000000


Time Step = 42
  [ 50 100]: 0.000000
  [ 35 115]: 0.000000
  [ 65 115]: 0.000007
  [35 90]: 0.000000
  [65 90]: 0.999991
  [50 85]: 0.000002
  [35 65]: 0.000000
  [65 65]: 0.000000
  [50 60]: 0.000000
  [35 45]: 0.000000
  [65 45]: 0.000000


Time Step = 43
  [ 50 100]: 0.000000
  [ 35 115]: 0.000000
  [ 65 115]: 0.000020
  [35 90]: 0.000000
  [65 90]: 0.999977
  [50 85]: 0.000003
  [35 65]: 0.000000
  [65 65]: 0.000000
  [50 60]: 0.000000
  [35 45]: 0.000000
  [65 45]: 0.000000


Time Step = 44
  [ 50 100]: 0.000000
  [ 35 115]: 0.000000
  [ 65 115]: 0.000094
  [35 90]: 0.000000
  [65 90]: 0.999902
  [50 85]: 0.000004
  [35 65]: 0.000000
  [65 65]: 0.000000
  [50 60]: 0.000000
  [35 45]: 0.000000
  [65 45]: 0.000000


Time Step = 45
  [ 50 100]: 0.000000
  [ 35 115]: 0.000000
  [ 65 115]: 0.000217
  [35 90]: 0.000000
  [65 90]: 0.999779
  [50 85]: 0.000004
  [35 65]: 0.000000
  [65 65]: 0.000000
  [50 60]: 0.000000
  [35 45]: 0.000000
  [65 45]: 0.000000


Time Step = 46
  [ 50 100]: 0.000000
  [ 35 115]: 0.000000
  [ 65 115]: 0.000207
  [35 90]: 0.000000
  [65 90]: 0.999789
  [50 85]: 0.000003
  [35 65]: 0.000000
  [65 65]: 0.000000
  [50 60]: 0.000000
  [35 45]: 0.000000
  [65 45]: 0.000000


Time Step = 47
  [ 50 100]: 0.000000
  [ 35 115]: 0.000000
  [ 65 115]: 0.000596
  [35 90]: 0.000000
  [65 90]: 0.999401
  [50 85]: 0.000004
  [35 65]: 0.000000
  [65 65]: 0.000000
  [50 60]: 0.000000
  [35 45]: 0.000000
  [65 45]: 0.000000


Time Step = 48
  [ 50 100]: 0.000000
  [ 35 115]: 0.000000
  [ 65 115]: 0.000903
  [35 90]: 0.000000
  [65 90]: 0.999093
  [50 85]: 0.000004
  [35 65]: 0.000000
  [65 65]: 0.000000
  [50 60]: 0.000000
  [35 45]: 0.000000
  [65 45]: 0.000000


Time Step = 49
  [ 50 100]: 0.000000
  [ 35 115]: 0.000000
  [ 65 115]: 0.003144
  [35 90]: 0.000000
  [65 90]: 0.996851
  [50 85]: 0.000004
  [35 65]: 0.000000
  [65 65]: 0.000000
  [50 60]: 0.000000
  [35 45]: 0.000000
  [65 45]: 0.000000


Time Step = 50
  [ 50 100]: 0.000001
  [ 35 115]: 0.000000
  [ 65 115]: 0.018781
  [35 90]: 0.000000
  [65 90]: 0.981213
  [50 85]: 0.000005
  [35 65]: 0.000000
  [65 65]: 0.000000
  [50 60]: 0.000000
  [35 45]: 0.000000
  [65 45]: 0.000000


Time Step = 51
  [ 50 100]: 0.000000
  [ 35 115]: 0.000000
  [ 65 115]: 0.001749
  [35 90]: 0.000000
  [65 90]: 0.998249
  [50 85]: 0.000002
  [35 65]: 0.000000
  [65 65]: 0.000000
  [50 60]: 0.000000
  [35 45]: 0.000000
  [65 45]: 0.000000


Time Step = 52
  [ 50 100]: 0.000000
  [ 35 115]: 0.000000
  [ 65 115]: 0.003145
  [35 90]: 0.000000
  [65 90]: 0.996853
  [50 85]: 0.000002
  [35 65]: 0.000000
  [65 65]: 0.000000
  [50 60]: 0.000000
  [35 45]: 0.000000
  [65 45]: 0.000000


Time Step = 53
  [ 50 100]: 0.000000
  [ 35 115]: 0.000000
  [ 65 115]: 0.007128
  [35 90]: 0.000000
  [65 90]: 0.992870
  [50 85]: 0.000002
  [35 65]: 0.000000
  [65 65]: 0.000000
  [50 60]: 0.000000
  [35 45]: 0.000000
  [65 45]: 0.000000


Time Step = 54
  [ 50 100]: 0.000000
  [ 35 115]: 0.000000
  [ 65 115]: 0.007093
  [35 90]: 0.000000
  [65 90]: 0.992904
  [50 85]: 0.000002
  [35 65]: 0.000000
  [65 65]: 0.000000
  [50 60]: 0.000000
  [35 45]: 0.000000
  [65 45]: 0.000000


Time Step = 55
  [ 50 100]: 0.000001
  [ 35 115]: 0.000000
  [ 65 115]: 0.026669
  [35 90]: 0.000000
  [65 90]: 0.973327
  [50 85]: 0.000003
  [35 65]: 0.000000
  [65 65]: 0.000000
  [50 60]: 0.000000
  [35 45]: 0.000000
  [65 45]: 0.000000


Time Step = 56
  [ 50 100]: 0.000001
  [ 35 115]: 0.000000
  [ 65 115]: 0.035692
  [35 90]: 0.000000
  [65 90]: 0.964302
  [50 85]: 0.000004
  [35 65]: 0.000000
  [65 65]: 0.000000
  [50 60]: 0.000000
  [35 45]: 0.000000
  [65 45]: 0.000000


Time Step = 57
  [ 50 100]: 0.000003
  [ 35 115]: 0.000000
  [ 65 115]: 0.079282
  [35 90]: 0.000000
  [65 90]: 0.920710
  [50 85]: 0.000005
  [35 65]: 0.000000
  [65 65]: 0.000000
  [50 60]: 0.000000
  [35 45]: 0.000000
  [65 45]: 0.000000


Time Step = 58
  [ 50 100]: 0.000011
  [ 35 115]: 0.000000
  [ 65 115]: 0.378240
  [35 90]: 0.000000
  [65 90]: 0.621743
  [50 85]: 0.000006
  [35 65]: 0.000000
  [65 65]: 0.000000
  [50 60]: 0.000000
  [35 45]: 0.000000
  [65 45]: 0.000000


Time Step = 59
  [ 50 100]: 0.000011
  [ 35 115]: 0.000000
  [ 65 115]: 0.580751
  [35 90]: 0.000000
  [65 90]: 0.419233
  [50 85]: 0.000004
  [35 65]: 0.000000
  [65 65]: 0.000000
  [50 60]: 0.000000
  [35 45]: 0.000000
  [65 45]: 0.000000


Time Step = 60
  [ 50 100]: 0.000012
  [ 35 115]: 0.000000
  [ 65 115]: 0.661485
  [35 90]: 0.000000
  [65 90]: 0.338500
  [50 85]: 0.000003
  [35 65]: 0.000000
  [65 65]: 0.000000
  [50 60]: 0.000000
  [35 45]: 0.000000
  [65 45]: 0.000000


Time Step = 61
  [ 50 100]: 0.000012
  [ 35 115]: 0.000000
  [ 65 115]: 0.805945
  [35 90]: 0.000000
  [65 90]: 0.194040
  [50 85]: 0.000002
  [35 65]: 0.000000
  [65 65]: 0.000000
  [50 60]: 0.000000
  [35 45]: 0.000000
  [65 45]: 0.000000


Time Step = 62
  [ 50 100]: 0.000009
  [ 35 115]: 0.000000
  [ 65 115]: 0.606511
  [35 90]: 0.000000
  [65 90]: 0.393477
  [50 85]: 0.000003
  [35 65]: 0.000000
  [65 65]: 0.000000
  [50 60]: 0.000000
  [35 45]: 0.000000
  [65 45]: 0.000000


Time Step = 63
  [ 50 100]: 0.000008
  [ 35 115]: 0.000000
  [ 65 115]: 0.646780
  [35 90]: 0.000000
  [65 90]: 0.353209
  [50 85]: 0.000002
  [35 65]: 0.000000
  [65 65]: 0.000000
  [50 60]: 0.000000
  [35 45]: 0.000000
  [65 45]: 0.000000


Time Step = 64
  [ 50 100]: 0.000011
  [ 35 115]: 0.000000
  [ 65 115]: 0.709312
  [35 90]: 0.000000
  [65 90]: 0.290674
  [50 85]: 0.000003
  [35 65]: 0.000000
  [65 65]: 0.000000
  [50 60]: 0.000000
  [35 45]: 0.000000
  [65 45]: 0.000000


Time Step = 65
  [ 50 100]: 0.000010
  [ 35 115]: 0.000000
  [ 65 115]: 0.671748
  [35 90]: 0.000000
  [65 90]: 0.328240
  [50 85]: 0.000003
  [35 65]: 0.000000
  [65 65]: 0.000000
  [50 60]: 0.000000
  [35 45]: 0.000000
  [65 45]: 0.000000


Time Step = 66
  [ 50 100]: 0.000011
  [ 35 115]: 0.000000
  [ 65 115]: 0.689902
  [35 90]: 0.000000
  [65 90]: 0.310084
  [50 85]: 0.000003
  [35 65]: 0.000000
  [65 65]: 0.000000
  [50 60]: 0.000000
  [35 45]: 0.000000
  [65 45]: 0.000000


Time Step = 67
  [ 50 100]: 0.000011
  [ 35 115]: 0.000000
  [ 65 115]: 0.608518
  [35 90]: 0.000000
  [65 90]: 0.391467
  [50 85]: 0.000004
  [35 65]: 0.000000
  [65 65]: 0.000000
  [50 60]: 0.000000
  [35 45]: 0.000000
  [65 45]: 0.000000


Time Step = 68
  [ 50 100]: 0.000012
  [ 35 115]: 0.000000
  [ 65 115]: 0.754722
  [35 90]: 0.000000
  [65 90]: 0.245264
  [50 85]: 0.000002
  [35 65]: 0.000000
  [65 65]: 0.000000
  [50 60]: 0.000000
  [35 45]: 0.000000
  [65 45]: 0.000000


Time Step = 69
  [ 50 100]: 0.000012
  [ 35 115]: 0.000000
  [ 65 115]: 0.721253
  [35 90]: 0.000000
  [65 90]: 0.278732
  [50 85]: 0.000003
  [35 65]: 0.000000
  [65 65]: 0.000000
  [50 60]: 0.000000
  [35 45]: 0.000000
  [65 45]: 0.000000


Time Step = 70
  [ 50 100]: 0.000014
  [ 35 115]: 0.000000
  [ 65 115]: 0.905870
  [35 90]: 0.000000
  [65 90]: 0.094115
  [50 85]: 0.000001
  [35 65]: 0.000000
  [65 65]: 0.000000
  [50 60]: 0.000000
  [35 45]: 0.000000
  [65 45]: 0.000000


Time Step = 71
  [ 50 100]: 0.000012
  [ 35 115]: 0.000000
  [ 65 115]: 0.924365
  [35 90]: 0.000000
  [65 90]: 0.075622
  [50 85]: 0.000001
  [35 65]: 0.000000
  [65 65]: 0.000000
  [50 60]: 0.000000
  [35 45]: 0.000000
  [65 45]: 0.000000


Time Step = 72
  [ 50 100]: 0.000008
  [ 35 115]: 0.000000
  [ 65 115]: 0.882469
  [35 90]: 0.000000
  [65 90]: 0.117522
  [50 85]: 0.000001
  [35 65]: 0.000000
  [65 65]: 0.000000
  [50 60]: 0.000000
  [35 45]: 0.000000
  [65 45]: 0.000000


Time Step = 73
  [ 50 100]: 0.000006
  [ 35 115]: 0.000000
  [ 65 115]: 0.799932
  [35 90]: 0.000000
  [65 90]: 0.200062
  [50 85]: 0.000001
  [35 65]: 0.000000
  [65 65]: 0.000000
  [50 60]: 0.000000
  [35 45]: 0.000000
  [65 45]: 0.000000


Time Step = 74
  [ 50 100]: 0.000005
  [ 35 115]: 0.000000
  [ 65 115]: 0.787033
  [35 90]: 0.000000
  [65 90]: 0.212961
  [50 85]: 0.000001
  [35 65]: 0.000000
  [65 65]: 0.000000
  [50 60]: 0.000000
  [35 45]: 0.000000
  [65 45]: 0.000000


Time Step = 75
  [ 50 100]: 0.000004
  [ 35 115]: 0.000000
  [ 65 115]: 0.605598
  [35 90]: 0.000000
  [65 90]: 0.394398
  [50 85]: 0.000001
  [35 65]: 0.000000
  [65 65]: 0.000000
  [50 60]: 0.000000
  [35 45]: 0.000000
  [65 45]: 0.000000


Time Step = 76
  [ 50 100]: 0.000004
  [ 35 115]: 0.000000
  [ 65 115]: 0.621040
  [35 90]: 0.000000
  [65 90]: 0.378955
  [50 85]: 0.000001
  [35 65]: 0.000000
  [65 65]: 0.000000
  [50 60]: 0.000000
  [35 45]: 0.000000
  [65 45]: 0.000000


Time Step = 77
  [ 50 100]: 0.000004
  [ 35 115]: 0.000000
  [ 65 115]: 0.631862
  [35 90]: 0.000000
  [65 90]: 0.368133
  [50 85]: 0.000001
  [35 65]: 0.000000
  [65 65]: 0.000000
  [50 60]: 0.000000
  [35 45]: 0.000000
  [65 45]: 0.000000


Time Step = 78
  [ 50 100]: 0.000003
  [ 35 115]: 0.000000
  [ 65 115]: 0.571093
  [35 90]: 0.000000
  [65 90]: 0.428902
  [50 85]: 0.000001
  [35 65]: 0.000000
  [65 65]: 0.000000
  [50 60]: 0.000000
  [35 45]: 0.000000
  [65 45]: 0.000000


Time Step = 79
  [ 50 100]: 0.000003
  [ 35 115]: 0.000000
  [ 65 115]: 0.585469
  [35 90]: 0.000000
  [65 90]: 0.414527
  [50 85]: 0.000001
  [35 65]: 0.000000
  [65 65]: 0.000000
  [50 60]: 0.000000
  [35 45]: 0.000000
  [65 45]: 0.000000


Time Step = 80
  [ 50 100]: 0.000003
  [ 35 115]: 0.000000
  [ 65 115]: 0.536372
  [35 90]: 0.000000
  [65 90]: 0.463624
  [50 85]: 0.000001
  [35 65]: 0.000000
  [65 65]: 0.000000
  [50 60]: 0.000000
  [35 45]: 0.000000
  [65 45]: 0.000000


Time Step = 81
  [ 50 100]: 0.000002
  [ 35 115]: 0.000000
  [ 65 115]: 0.423793
  [35 90]: 0.000000
  [65 90]: 0.576204
  [50 85]: 0.000001
  [35 65]: 0.000000
  [65 65]: 0.000000
  [50 60]: 0.000000
  [35 45]: 0.000000
  [65 45]: 0.000000


Time Step = 82
  [ 50 100]: 0.000002
  [ 35 115]: 0.000000
  [ 65 115]: 0.477697
  [35 90]: 0.000000
  [65 90]: 0.522300
  [50 85]: 0.000001
  [35 65]: 0.000000
  [65 65]: 0.000000
  [50 60]: 0.000000
  [35 45]: 0.000000
  [65 45]: 0.000000


Time Step = 83
  [ 50 100]: 0.000002
  [ 35 115]: 0.000000
  [ 65 115]: 0.446096
  [35 90]: 0.000000
  [65 90]: 0.553902
  [50 85]: 0.000001
  [35 65]: 0.000000
  [65 65]: 0.000000
  [50 60]: 0.000000
  [35 45]: 0.000000
  [65 45]: 0.000000


Time Step = 84
  [ 50 100]: 0.000001
  [ 35 115]: 0.000000
  [ 65 115]: 0.377537
  [35 90]: 0.000000
  [65 90]: 0.622461
  [50 85]: 0.000001
  [35 65]: 0.000000
  [65 65]: 0.000000
  [50 60]: 0.000000
  [35 45]: 0.000000
  [65 45]: 0.000000


Time Step = 85
  [ 50 100]: 0.000001
  [ 35 115]: 0.000000
  [ 65 115]: 0.369394
  [35 90]: 0.000000
  [65 90]: 0.630604
  [50 85]: 0.000001
  [35 65]: 0.000000
  [65 65]: 0.000000
  [50 60]: 0.000000
  [35 45]: 0.000000
  [65 45]: 0.000000


Time Step = 86
  [ 50 100]: 0.000001
  [ 35 115]: 0.000000
  [ 65 115]: 0.350764
  [35 90]: 0.000000
  [65 90]: 0.649233
  [50 85]: 0.000001
  [35 65]: 0.000000
  [65 65]: 0.000000
  [50 60]: 0.000000
  [35 45]: 0.000000
  [65 45]: 0.000000


Time Step = 87
  [ 50 100]: 0.000002
  [ 35 115]: 0.000000
  [ 65 115]: 0.323650
  [35 90]: 0.000000
  [65 90]: 0.676347
  [50 85]: 0.000001
  [35 65]: 0.000000
  [65 65]: 0.000000
  [50 60]: 0.000000
  [35 45]: 0.000000
  [65 45]: 0.000000


Time Step = 88
  [ 50 100]: 0.000002
  [ 35 115]: 0.000000
  [ 65 115]: 0.467218
  [35 90]: 0.000000
  [65 90]: 0.532779
  [50 85]: 0.000001
  [35 65]: 0.000000
  [65 65]: 0.000000
  [50 60]: 0.000000
  [35 45]: 0.000000
  [65 45]: 0.000000


Time Step = 89
  [ 50 100]: 0.000002
  [ 35 115]: 0.000000
  [ 65 115]: 0.431985
  [35 90]: 0.000000
  [65 90]: 0.568012
  [50 85]: 0.000001
  [35 65]: 0.000000
  [65 65]: 0.000000
  [50 60]: 0.000000
  [35 45]: 0.000000
  [65 45]: 0.000000


Time Step = 90
  [ 50 100]: 0.000003
  [ 35 115]: 0.000000
  [ 65 115]: 0.481907
  [35 90]: 0.000000
  [65 90]: 0.518089
  [50 85]: 0.000001
  [35 65]: 0.000000
  [65 65]: 0.000000
  [50 60]: 0.000000
  [35 45]: 0.000000
  [65 45]: 0.000000


Time Step = 91
  [ 50 100]: 0.000002
  [ 35 115]: 0.000000
  [ 65 115]: 0.520116
  [35 90]: 0.000000
  [65 90]: 0.479881
  [50 85]: 0.000001
  [35 65]: 0.000000
  [65 65]: 0.000000
  [50 60]: 0.000000
  [35 45]: 0.000000
  [65 45]: 0.000000


Time Step = 92
  [ 50 100]: 0.000002
  [ 35 115]: 0.000000
  [ 65 115]: 0.554521
  [35 90]: 0.000000
  [65 90]: 0.445476
  [50 85]: 0.000001
  [35 65]: 0.000000
  [65 65]: 0.000000
  [50 60]: 0.000000
  [35 45]: 0.000000
  [65 45]: 0.000000


Time Step = 93
  [ 50 100]: 0.000002
  [ 35 115]: 0.000000
  [ 65 115]: 0.529461
  [35 90]: 0.000000
  [65 90]: 0.470536
  [50 85]: 0.000001
  [35 65]: 0.000000
  [65 65]: 0.000000
  [50 60]: 0.000000
  [35 45]: 0.000000
  [65 45]: 0.000000


Time Step = 94
  [ 50 100]: 0.000002
  [ 35 115]: 0.000000
  [ 65 115]: 0.560689
  [35 90]: 0.000000
  [65 90]: 0.439308
  [50 85]: 0.000001
  [35 65]: 0.000000
  [65 65]: 0.000000
  [50 60]: 0.000000
  [35 45]: 0.000000
  [65 45]: 0.000000


Time Step = 95
  [ 50 100]: 0.000002
  [ 35 115]: 0.000000
  [ 65 115]: 0.576419
  [35 90]: 0.000000
  [65 90]: 0.423579
  [50 85]: 0.000001
  [35 65]: 0.000000
  [65 65]: 0.000000
  [50 60]: 0.000000
  [35 45]: 0.000000
  [65 45]: 0.000000


Time Step = 96
  [ 50 100]: 0.000002
  [ 35 115]: 0.000000
  [ 65 115]: 0.524973
  [35 90]: 0.000000
  [65 90]: 0.475025
  [50 85]: 0.000001
  [35 65]: 0.000000
  [65 65]: 0.000000
  [50 60]: 0.000000
  [35 45]: 0.000000
  [65 45]: 0.000000


Time Step = 97
  [ 50 100]: 0.000002
  [ 35 115]: 0.000000
  [ 65 115]: 0.477804
  [35 90]: 0.000000
  [65 90]: 0.522194
  [50 85]: 0.000001
  [35 65]: 0.000000
  [65 65]: 0.000000
  [50 60]: 0.000000
  [35 45]: 0.000000
  [65 45]: 0.000000


Time Step = 98
  [ 50 100]: 0.000001
  [ 35 115]: 0.000000
  [ 65 115]: 0.422389
  [35 90]: 0.000000
  [65 90]: 0.577609
  [50 85]: 0.000001
  [35 65]: 0.000000
  [65 65]: 0.000000
  [50 60]: 0.000000
  [35 45]: 0.000000
  [65 45]: 0.000000


Time Step = 99
  [ 50 100]: 0.000001
  [ 35 115]: 0.000000
  [ 65 115]: 0.396488
  [35 90]: 0.000000
  [65 90]: 0.603511
  [50 85]: 0.000001
  [35 65]: 0.000000
  [65 65]: 0.000000
  [50 60]: 0.000000
  [35 45]: 0.000000
  [65 45]: 0.000000


Time Step = 100
  [ 50 100]: 0.000001
  [ 35 115]: 0.000000
  [ 65 115]: 0.343606
  [35 90]: 0.000000
  [65 90]: 0.656392
  [50 85]: 0.000001
  [35 65]: 0.000000
  [65 65]: 0.000000
  [50 60]: 0.000000
  [35 45]: 0.000000
  [65 45]: 0.000000


Time Step = 101
  [ 50 100]: 0.000001
  [ 35 115]: 0.000000
  [ 65 115]: 0.301828
  [35 90]: 0.000000
  [65 90]: 0.698170
  [50 85]: 0.000001
  [35 65]: 0.000000
  [65 65]: 0.000000
  [50 60]: 0.000000
  [35 45]: 0.000000
  [65 45]: 0.000000


Time Step = 102
  [ 50 100]: 0.000001
  [ 35 115]: 0.000000
  [ 65 115]: 0.325854
  [35 90]: 0.000000
  [65 90]: 0.674145
  [50 85]: 0.000001
  [35 65]: 0.000000
  [65 65]: 0.000000
  [50 60]: 0.000000
  [35 45]: 0.000000
  [65 45]: 0.000000


Time Step = 103
  [ 50 100]: 0.000001
  [ 35 115]: 0.000000
  [ 65 115]: 0.347032
  [35 90]: 0.000000
  [65 90]: 0.652966
  [50 85]: 0.000001
  [35 65]: 0.000000
  [65 65]: 0.000000
  [50 60]: 0.000000
  [35 45]: 0.000000
  [65 45]: 0.000000


Time Step = 104
  [ 50 100]: 0.000001
  [ 35 115]: 0.000000
  [ 65 115]: 0.333288
  [35 90]: 0.000000
  [65 90]: 0.666710
  [50 85]: 0.000001
  [35 65]: 0.000000
  [65 65]: 0.000000
  [50 60]: 0.000000
  [35 45]: 0.000000
  [65 45]: 0.000000


Time Step = 105
  [ 50 100]: 0.000001
  [ 35 115]: 0.000000
  [ 65 115]: 0.352652
  [35 90]: 0.000000
  [65 90]: 0.647346
  [50 85]: 0.000001
  [35 65]: 0.000000
  [65 65]: 0.000000
  [50 60]: 0.000000
  [35 45]: 0.000000
  [65 45]: 0.000000


Time Step = 106
  [ 50 100]: 0.000001
  [ 35 115]: 0.000000
  [ 65 115]: 0.309983
  [35 90]: 0.000000
  [65 90]: 0.690015
  [50 85]: 0.000001
  [35 65]: 0.000000
  [65 65]: 0.000000
  [50 60]: 0.000000
  [35 45]: 0.000000
  [65 45]: 0.000000


Time Step = 107
  [ 50 100]: 0.000001
  [ 35 115]: 0.000000
  [ 65 115]: 0.277803
  [35 90]: 0.000000
  [65 90]: 0.722195
  [50 85]: 0.000001
  [35 65]: 0.000000
  [65 65]: 0.000000
  [50 60]: 0.000000
  [35 45]: 0.000000
  [65 45]: 0.000000


Time Step = 108
  [ 50 100]: 0.000001
  [ 35 115]: 0.000000
  [ 65 115]: 0.269991
  [35 90]: 0.000000
  [65 90]: 0.730008
  [50 85]: 0.000001
  [35 65]: 0.000000
  [65 65]: 0.000000
  [50 60]: 0.000000
  [35 45]: 0.000000
  [65 45]: 0.000000


Time Step = 109
  [ 50 100]: 0.000001
  [ 35 115]: 0.000000
  [ 65 115]: 0.272689
  [35 90]: 0.000000
  [65 90]: 0.727310
  [50 85]: 0.000001
  [35 65]: 0.000000
  [65 65]: 0.000000
  [50 60]: 0.000000
  [35 45]: 0.000000
  [65 45]: 0.000000


Time Step = 110
  [ 50 100]: 0.000001
  [ 35 115]: 0.000000
  [ 65 115]: 0.255281
  [35 90]: 0.000000
  [65 90]: 0.744718
  [50 85]: 0.000001
  [35 65]: 0.000000
  [65 65]: 0.000000
  [50 60]: 0.000000
  [35 45]: 0.000000
  [65 45]: 0.000000


Time Step = 111
  [ 50 100]: 0.000001
  [ 35 115]: 0.000000
  [ 65 115]: 0.240402
  [35 90]: 0.000000
  [65 90]: 0.759597
  [50 85]: 0.000001
  [35 65]: 0.000000
  [65 65]: 0.000000
  [50 60]: 0.000000
  [35 45]: 0.000000
  [65 45]: 0.000000


Time Step = 112
  [ 50 100]: 0.000001
  [ 35 115]: 0.000000
  [ 65 115]: 0.273041
  [35 90]: 0.000000
  [65 90]: 0.726958
  [50 85]: 0.000001
  [35 65]: 0.000000
  [65 65]: 0.000000
  [50 60]: 0.000000
  [35 45]: 0.000000
  [65 45]: 0.000000


Time Step = 113
  [ 50 100]: 0.000001
  [ 35 115]: 0.000000
  [ 65 115]: 0.290505
  [35 90]: 0.000000
  [65 90]: 0.709494
  [50 85]: 0.000001
  [35 65]: 0.000000
  [65 65]: 0.000000
  [50 60]: 0.000000
  [35 45]: 0.000000
  [65 45]: 0.000000


Time Step = 114
  [ 50 100]: 0.000001
  [ 35 115]: 0.000000
  [ 65 115]: 0.314303
  [35 90]: 0.000000
  [65 90]: 0.685696
  [50 85]: 0.000001
  [35 65]: 0.000000
  [65 65]: 0.000000
  [50 60]: 0.000000
  [35 45]: 0.000000
  [65 45]: 0.000000


Time Step = 115
  [ 50 100]: 0.000001
  [ 35 115]: 0.000000
  [ 65 115]: 0.315050
  [35 90]: 0.000000
  [65 90]: 0.684949
  [50 85]: 0.000001
  [35 65]: 0.000000
  [65 65]: 0.000000
  [50 60]: 0.000000
  [35 45]: 0.000000
  [65 45]: 0.000000


Time Step = 116
  [ 50 100]: 0.000001
  [ 35 115]: 0.000000
  [ 65 115]: 0.273479
  [35 90]: 0.000000
  [65 90]: 0.726520
  [50 85]: 0.000001
  [35 65]: 0.000000
  [65 65]: 0.000000
  [50 60]: 0.000000
  [35 45]: 0.000000
  [65 45]: 0.000000


Time Step = 117
  [ 50 100]: 0.000001
  [ 35 115]: 0.000000
  [ 65 115]: 0.302813
  [35 90]: 0.000000
  [65 90]: 0.697186
  [50 85]: 0.000001
  [35 65]: 0.000000
  [65 65]: 0.000000
  [50 60]: 0.000000
  [35 45]: 0.000000
  [65 45]: 0.000000


Time Step = 118
  [ 50 100]: 0.000001
  [ 35 115]: 0.000000
  [ 65 115]: 0.250907
  [35 90]: 0.000000
  [65 90]: 0.749091
  [50 85]: 0.000001
  [35 65]: 0.000000
  [65 65]: 0.000000
  [50 60]: 0.000000
  [35 45]: 0.000000
  [65 45]: 0.000000


Time Step = 119
  [ 50 100]: 0.000001
  [ 35 115]: 0.000000
  [ 65 115]: 0.218908
  [35 90]: 0.000000
  [65 90]: 0.781091
  [50 85]: 0.000001
  [35 65]: 0.000000
  [65 65]: 0.000000
  [50 60]: 0.000000
  [35 45]: 0.000000
  [65 45]: 0.000000


Time Step = 120
  [ 50 100]: 0.000001
  [ 35 115]: 0.000000
  [ 65 115]: 0.210563
  [35 90]: 0.000000
  [65 90]: 0.789436
  [50 85]: 0.000001
  [35 65]: 0.000000
  [65 65]: 0.000000
  [50 60]: 0.000000
  [35 45]: 0.000000
  [65 45]: 0.000000


Time Step = 121
  [ 50 100]: 0.000001
  [ 35 115]: 0.000000
  [ 65 115]: 0.271881
  [35 90]: 0.000000
  [65 90]: 0.728118
  [50 85]: 0.000001
  [35 65]: 0.000000
  [65 65]: 0.000000
  [50 60]: 0.000000
  [35 45]: 0.000000
  [65 45]: 0.000000


Time Step = 122
  [ 50 100]: 0.000001
  [ 35 115]: 0.000000
  [ 65 115]: 0.290022
  [35 90]: 0.000000
  [65 90]: 0.709977
  [50 85]: 0.000001
  [35 65]: 0.000000
  [65 65]: 0.000000
  [50 60]: 0.000000
  [35 45]: 0.000000
  [65 45]: 0.000000


Time Step = 123
  [ 50 100]: 0.000001
  [ 35 115]: 0.000000
  [ 65 115]: 0.297217
  [35 90]: 0.000000
  [65 90]: 0.702781
  [50 85]: 0.000001
  [35 65]: 0.000000
  [65 65]: 0.000000
  [50 60]: 0.000000
  [35 45]: 0.000000
  [65 45]: 0.000000


Time Step = 124
  [ 50 100]: 0.000001
  [ 35 115]: 0.000000
  [ 65 115]: 0.316667
  [35 90]: 0.000000
  [65 90]: 0.683332
  [50 85]: 0.000001
  [35 65]: 0.000000
  [65 65]: 0.000000
  [50 60]: 0.000000
  [35 45]: 0.000000
  [65 45]: 0.000000


Time Step = 125
  [ 50 100]: 0.000001
  [ 35 115]: 0.000000
  [ 65 115]: 0.371440
  [35 90]: 0.000000
  [65 90]: 0.628558
  [50 85]: 0.000001
  [35 65]: 0.000000
  [65 65]: 0.000000
  [50 60]: 0.000000
  [35 45]: 0.000000
  [65 45]: 0.000000


Time Step = 126
  [ 50 100]: 0.000001
  [ 35 115]: 0.000000
  [ 65 115]: 0.342365
  [35 90]: 0.000000
  [65 90]: 0.657633
  [50 85]: 0.000001
  [35 65]: 0.000000
  [65 65]: 0.000000
  [50 60]: 0.000000
  [35 45]: 0.000000
  [65 45]: 0.000000


Time Step = 127
  [ 50 100]: 0.000001
  [ 35 115]: 0.000000
  [ 65 115]: 0.356527
  [35 90]: 0.000000
  [65 90]: 0.643471
  [50 85]: 0.000001
  [35 65]: 0.000000
  [65 65]: 0.000000
  [50 60]: 0.000000
  [35 45]: 0.000000
  [65 45]: 0.000000


Time Step = 128
  [ 50 100]: 0.000001
  [ 35 115]: 0.000000
  [ 65 115]: 0.358311
  [35 90]: 0.000000
  [65 90]: 0.641687
  [50 85]: 0.000001
  [35 65]: 0.000000
  [65 65]: 0.000000
  [50 60]: 0.000000
  [35 45]: 0.000000
  [65 45]: 0.000000


Time Step = 129
  [ 50 100]: 0.000001
  [ 35 115]: 0.000000
  [ 65 115]: 0.365549
  [35 90]: 0.000000
  [65 90]: 0.634449
  [50 85]: 0.000001
  [35 65]: 0.000000
  [65 65]: 0.000000
  [50 60]: 0.000000
  [35 45]: 0.000000
  [65 45]: 0.000000


Time Step = 130
  [ 50 100]: 0.000001
  [ 35 115]: 0.000000
  [ 65 115]: 0.372860
  [35 90]: 0.000000
  [65 90]: 0.627138
  [50 85]: 0.000001
  [35 65]: 0.000000
  [65 65]: 0.000000
  [50 60]: 0.000000
  [35 45]: 0.000000
  [65 45]: 0.000000


Time Step = 131
  [ 50 100]: 0.000001
  [ 35 115]: 0.000000
  [ 65 115]: 0.353877
  [35 90]: 0.000000
  [65 90]: 0.646121
  [50 85]: 0.000001
  [35 65]: 0.000000
  [65 65]: 0.000000
  [50 60]: 0.000000
  [35 45]: 0.000000
  [65 45]: 0.000000


Time Step = 132
  [ 50 100]: 0.000001
  [ 35 115]: 0.000000
  [ 65 115]: 0.365691
  [35 90]: 0.000000
  [65 90]: 0.634307
  [50 85]: 0.000001
  [35 65]: 0.000000
  [65 65]: 0.000000
  [50 60]: 0.000000
  [35 45]: 0.000000
  [65 45]: 0.000000


Time Step = 133
  [ 50 100]: 0.000001
  [ 35 115]: 0.000000
  [ 65 115]: 0.362038
  [35 90]: 0.000000
  [65 90]: 0.637961
  [50 85]: 0.000001
  [35 65]: 0.000000
  [65 65]: 0.000000
  [50 60]: 0.000000
  [35 45]: 0.000000
  [65 45]: 0.000000


Time Step = 134
  [ 50 100]: 0.000001
  [ 35 115]: 0.000000
  [ 65 115]: 0.372197
  [35 90]: 0.000000
  [65 90]: 0.627801
  [50 85]: 0.000001
  [35 65]: 0.000000
  [65 65]: 0.000000
  [50 60]: 0.000000
  [35 45]: 0.000000
  [65 45]: 0.000000


Time Step = 135
  [ 50 100]: 0.000001
  [ 35 115]: 0.000000
  [ 65 115]: 0.403773
  [35 90]: 0.000000
  [65 90]: 0.596225
  [50 85]: 0.000001
  [35 65]: 0.000000
  [65 65]: 0.000000
  [50 60]: 0.000000
  [35 45]: 0.000000
  [65 45]: 0.000000


Time Step = 136
  [ 50 100]: 0.000001
  [ 35 115]: 0.000000
  [ 65 115]: 0.459144
  [35 90]: 0.000000
  [65 90]: 0.540854
  [50 85]: 0.000001
  [35 65]: 0.000000
  [65 65]: 0.000000
  [50 60]: 0.000000
  [35 45]: 0.000000
  [65 45]: 0.000000


Time Step = 137
  [ 50 100]: 0.000001
  [ 35 115]: 0.000000
  [ 65 115]: 0.455942
  [35 90]: 0.000000
  [65 90]: 0.544057
  [50 85]: 0.000001
  [35 65]: 0.000000
  [65 65]: 0.000000
  [50 60]: 0.000000
  [35 45]: 0.000000
  [65 45]: 0.000000


Time Step = 138
  [ 50 100]: 0.000001
  [ 35 115]: 0.000000
  [ 65 115]: 0.471477
  [35 90]: 0.000000
  [65 90]: 0.528521
  [50 85]: 0.000001
  [35 65]: 0.000000
  [65 65]: 0.000000
  [50 60]: 0.000000
  [35 45]: 0.000000
  [65 45]: 0.000000


Time Step = 139
  [ 50 100]: 0.000001
  [ 35 115]: 0.000000
  [ 65 115]: 0.466328
  [35 90]: 0.000000
  [65 90]: 0.533670
  [50 85]: 0.000001
  [35 65]: 0.000000
  [65 65]: 0.000000
  [50 60]: 0.000000
  [35 45]: 0.000000
  [65 45]: 0.000000


Time Step = 140
  [ 50 100]: 0.000001
  [ 35 115]: 0.000000
  [ 65 115]: 0.470192
  [35 90]: 0.000000
  [65 90]: 0.529806
  [50 85]: 0.000001
  [35 65]: 0.000000
  [65 65]: 0.000000
  [50 60]: 0.000000
  [35 45]: 0.000000
  [65 45]: 0.000000


Time Step = 141
  [ 50 100]: 0.000001
  [ 35 115]: 0.000000
  [ 65 115]: 0.481409
  [35 90]: 0.000000
  [65 90]: 0.518589
  [50 85]: 0.000001
  [35 65]: 0.000000
  [65 65]: 0.000000
  [50 60]: 0.000000
  [35 45]: 0.000000
  [65 45]: 0.000000


Time Step = 142
  [ 50 100]: 0.000001
  [ 35 115]: 0.000000
  [ 65 115]: 0.465134
  [35 90]: 0.000000
  [65 90]: 0.534864
  [50 85]: 0.000001
  [35 65]: 0.000000
  [65 65]: 0.000000
  [50 60]: 0.000000
  [35 45]: 0.000000
  [65 45]: 0.000000


Time Step = 143
  [ 50 100]: 0.000001
  [ 35 115]: 0.000000
  [ 65 115]: 0.444021
  [35 90]: 0.000000
  [65 90]: 0.555977
  [50 85]: 0.000001
  [35 65]: 0.000000
  [65 65]: 0.000000
  [50 60]: 0.000000
  [35 45]: 0.000000
  [65 45]: 0.000000


Time Step = 144
  [ 50 100]: 0.000001
  [ 35 115]: 0.000000
  [ 65 115]: 0.473287
  [35 90]: 0.000000
  [65 90]: 0.526711
  [50 85]: 0.000001
  [35 65]: 0.000000
  [65 65]: 0.000000
  [50 60]: 0.000000
  [35 45]: 0.000000
  [65 45]: 0.000000


Time Step = 145
  [ 50 100]: 0.000001
  [ 35 115]: 0.000000
  [ 65 115]: 0.482131
  [35 90]: 0.000000
  [65 90]: 0.517867
  [50 85]: 0.000001
  [35 65]: 0.000000
  [65 65]: 0.000000
  [50 60]: 0.000000
  [35 45]: 0.000000
  [65 45]: 0.000000


Time Step = 146
  [ 50 100]: 0.000001
  [ 35 115]: 0.000000
  [ 65 115]: 0.478761
  [35 90]: 0.000000
  [65 90]: 0.521237
  [50 85]: 0.000001
  [35 65]: 0.000000
  [65 65]: 0.000000
  [50 60]: 0.000000
  [35 45]: 0.000000
  [65 45]: 0.000000


Time Step = 147
  [ 50 100]: 0.000001
  [ 35 115]: 0.000000
  [ 65 115]: 0.471838
  [35 90]: 0.000000
  [65 90]: 0.528160
  [50 85]: 0.000001
  [35 65]: 0.000000
  [65 65]: 0.000000
  [50 60]: 0.000000
  [35 45]: 0.000000
  [65 45]: 0.000000


Time Step = 148
  [ 50 100]: 0.000001
  [ 35 115]: 0.000000
  [ 65 115]: 0.468646
  [35 90]: 0.000000
  [65 90]: 0.531352
  [50 85]: 0.000001
  [35 65]: 0.000000
  [65 65]: 0.000000
  [50 60]: 0.000000
  [35 45]: 0.000000
  [65 45]: 0.000000


Time Step = 149
  [ 50 100]: 0.000001
  [ 35 115]: 0.000000
  [ 65 115]: 0.461317
  [35 90]: 0.000000
  [65 90]: 0.538681
  [50 85]: 0.000001
  [35 65]: 0.000000
  [65 65]: 0.000000
  [50 60]: 0.000000
  [35 45]: 0.000000
  [65 45]: 0.000000


