0.181822
0.333510
0.454653
0.558243
0.664121
0.786745
0.928364
1.082608
1.240827
1.394967
1.538263
1.666222
1.777707
1.874669
1.960540
2.038666
2.111495
2.180313
2.245163
2.304944
2.357846
2.402080
2.436678
2.461953
2.479380
2.491000
2.498749
2.504078
2.507925
2.510862
2.513236
2.515230
2.516894
2.518193
2.519085
2.519586
2.519789
2.519823
2.519800
2.519780
2.519772
2.519763
2.519743
2.519715
2.519689
2.519671
2.519663
2.519660
2.519663
2.519671
2.519689
2.519716
2.519747
2.519777
2.519799
2.519814
2.519821
2.519825
2.519828
2.519830
2.519832
2.519834
2.519836
2.519838
2.519842
2.519845
2.519847
2.519849
2.519850
2.519851
2.519851
2.519851
2.519851
2.519851
2.519851
2.519851
2.519851
2.519851
2.519851
2.519851
2.519851
2.519851
2.519851
2.519851
2.519851
2.519851
2.519852
2.519852
2.519852
2.519852
2.519852
2.519852
2.519852
2.519852
2.519852
2.519852
2.519852
2.519852
2.519852
2.519852
2.519852
2.519852
2.519852
2.519852
2.519852
2.519852
2.519852
2.519852
2.519852
2.519852
2.519852
2.519852
2.519852
2.519852
2.519852
2.519852
2.519852
2.519852
2.519852
2.519852
2.519852
2.519852
2.519852
2.519852
2.519852
2.519852
2.519852
2.519852
2.519852
2.519852
2.519852
2.519852
2.519852
2.519852
2.519852
2.519852
2.519852
2.519852
2.519852
2.519852
2.519852
2.519852
2.519852
2.519852
2.519852
2.519852
2.519852
2.519852
2.519852
2.519852
