Posterior Probabilities for Each Goal at Each Time Step
============================================================

Time Step = 0
  [ 50 100]: 0.250000
  [ 35 115]: 0.100000
  [ 65 115]: 0.100000
  [35 90]: 0.100000
  [65 90]: 0.100000
  [50 85]: 0.100000
  [35 65]: 0.050000
  [65 65]: 0.050000
  [50 60]: 0.050000
  [35 45]: 0.050000
  [65 45]: 0.050000


Time Step = 1
  [ 50 100]: 0.001255
  [ 35 115]: 0.000001
  [ 65 115]: 0.000015
  [35 90]: 0.001926
  [65 90]: 0.004989
  [50 85]: 0.015157
  [35 65]: 0.127079
  [65 65]: 0.033894
  [50 60]: 0.168437
  [35 45]: 0.620402
  [65 45]: 0.026845


Time Step = 2
  [ 50 100]: 0.003048
  [ 35 115]: 0.000003
  [ 65 115]: 0.000005
  [35 90]: 0.021866
  [65 90]: 0.001025
  [50 85]: 0.025895
  [35 65]: 0.537823
  [65 65]: 0.000809
  [50 60]: 0.043147
  [35 45]: 0.366343
  [65 45]: 0.000035


Time Step = 3
  [ 50 100]: 0.006327
  [ 35 115]: 0.000007
  [ 65 115]: 0.000004
  [35 90]: 0.077346
  [65 90]: 0.000526
  [50 85]: 0.038566
  [35 65]: 0.778358
  [65 65]: 0.000055
  [50 60]: 0.011080
  [35 45]: 0.087731
  [65 45]: 0.000000


Time Step = 4
  [ 50 100]: 0.071870
  [ 35 115]: 0.000085
  [ 65 115]: 0.000103
  [35 90]: 0.407586
  [65 90]: 0.001660
  [50 85]: 0.128405
  [35 65]: 0.386537
  [65 65]: 0.000005
  [50 60]: 0.001468
  [35 45]: 0.002280
  [65 45]: 0.000000


Time Step = 5
  [ 50 100]: 0.021237
  [ 35 115]: 0.000000
  [ 65 115]: 0.000050
  [35 90]: 0.026185
  [65 90]: 0.024393
  [50 85]: 0.292772
  [35 65]: 0.579393
  [65 65]: 0.000689
  [50 60]: 0.037746
  [35 45]: 0.017535
  [65 45]: 0.000000


Time Step = 6
  [ 50 100]: 0.006194
  [ 35 115]: 0.000000
  [ 65 115]: 0.000014
  [35 90]: 0.004180
  [65 90]: 0.046864
  [50 85]: 0.268486
  [35 65]: 0.521067
  [65 65]: 0.003745
  [50 60]: 0.115970
  [35 45]: 0.033479
  [65 45]: 0.000001


Time Step = 7
  [ 50 100]: 0.000822
  [ 35 115]: 0.000000
  [ 65 115]: 0.000005
  [35 90]: 0.000111
  [65 90]: 0.176555
  [50 85]: 0.149673
  [35 65]: 0.132519
  [65 65]: 0.082094
  [50 60]: 0.425306
  [35 45]: 0.032877
  [65 45]: 0.000038


Time Step = 8
  [ 50 100]: 0.000060
  [ 35 115]: 0.000000
  [ 65 115]: 0.000001
  [35 90]: 0.000003
  [65 90]: 0.154708
  [50 85]: 0.036063
  [35 65]: 0.021918
  [65 65]: 0.296997
  [50 60]: 0.473942
  [35 45]: 0.016027
  [65 45]: 0.000281


Time Step = 9
  [ 50 100]: 0.000000
  [ 35 115]: 0.000000
  [ 65 115]: 0.000000
  [35 90]: 0.000000
  [65 90]: 0.003700
  [50 85]: 0.000090
  [35 65]: 0.000107
  [65 65]: 0.815479
  [50 60]: 0.157135
  [35 45]: 0.003272
  [65 45]: 0.020217


Time Step = 10
  [ 50 100]: 0.000000
  [ 35 115]: 0.000000
  [ 65 115]: 0.000000
  [35 90]: 0.000000
  [65 90]: 0.000388
  [50 85]: 0.000004
  [35 65]: 0.000007
  [65 65]: 0.858684
  [50 60]: 0.077205
  [35 45]: 0.001278
  [65 45]: 0.062433


Time Step = 11
  [ 50 100]: 0.000000
  [ 35 115]: 0.000000
  [ 65 115]: 0.000000
  [35 90]: 0.000000
  [65 90]: 0.000122
  [50 85]: 0.000000
  [35 65]: 0.000000
  [65 65]: 0.919450
  [50 60]: 0.022432
  [35 45]: 0.000093
  [65 45]: 0.057902


Time Step = 12
  [ 50 100]: 0.000000
  [ 35 115]: 0.000000
  [ 65 115]: 0.000000
  [35 90]: 0.000000
  [65 90]: 0.000020
  [50 85]: 0.000000
  [35 65]: 0.000000
  [65 65]: 0.935117
  [50 60]: 0.010605
  [35 45]: 0.000019
  [65 45]: 0.054238


Time Step = 13
  [ 50 100]: 0.000000
  [ 35 115]: 0.000000
  [ 65 115]: 0.000000
  [35 90]: 0.000000
  [65 90]: 0.000002
  [50 85]: 0.000000
  [35 65]: 0.000000
  [65 65]: 0.934020
  [50 60]: 0.009899
  [35 45]: 0.000017
  [65 45]: 0.056062


Time Step = 14
  [ 50 100]: 0.000000
  [ 35 115]: 0.000000
  [ 65 115]: 0.000000
  [35 90]: 0.000000
  [65 90]: 0.000000
  [50 85]: 0.000000
  [35 65]: 0.000000
  [65 65]: 0.918394
  [50 60]: 0.009112
  [35 45]: 0.000016
  [65 45]: 0.072477


Time Step = 15
  [ 50 100]: 0.000000
  [ 35 115]: 0.000000
  [ 65 115]: 0.000000
  [35 90]: 0.000000
  [65 90]: 0.000000
  [50 85]: 0.000000
  [35 65]: 0.000000
  [65 65]: 0.883987
  [50 60]: 0.002607
  [35 45]: 0.000002
  [65 45]: 0.113405


Time Step = 16
  [ 50 100]: 0.000000
  [ 35 115]: 0.000000
  [ 65 115]: 0.000000
  [35 90]: 0.000000
  [65 90]: 0.000000
  [50 85]: 0.000000
  [35 65]: 0.000000
  [65 65]: 0.849722
  [50 60]: 0.002812
  [35 45]: 0.000002
  [65 45]: 0.147464


Time Step = 17
  [ 50 100]: 0.000000
  [ 35 115]: 0.000000
  [ 65 115]: 0.000000
  [35 90]: 0.000000
  [65 90]: 0.000000
  [50 85]: 0.000000
  [35 65]: 0.000000
  [65 65]: 0.969129
  [50 60]: 0.007329
  [35 45]: 0.000005
  [65 45]: 0.023537


Time Step = 18
  [ 50 100]: 0.000000
  [ 35 115]: 0.000000
  [ 65 115]: 0.000000
  [35 90]: 0.000000
  [65 90]: 0.000000
  [50 85]: 0.000000
  [35 65]: 0.000000
  [65 65]: 0.920100
  [50 60]: 0.011592
  [35 45]: 0.000023
  [65 45]: 0.068285


Time Step = 19
  [ 50 100]: 0.000000
  [ 35 115]: 0.000000
  [ 65 115]: 0.000000
  [35 90]: 0.000000
  [65 90]: 0.000000
  [50 85]: 0.000000
  [35 65]: 0.000000
  [65 65]: 0.738598
  [50 60]: 0.001797
  [35 45]: 0.000001
  [65 45]: 0.259604


Time Step = 20
  [ 50 100]: 0.000000
  [ 35 115]: 0.000000
  [ 65 115]: 0.000000
  [35 90]: 0.000000
  [65 90]: 0.000000
  [50 85]: 0.000000
  [35 65]: 0.000000
  [65 65]: 0.329937
  [50 60]: 0.000065
  [35 45]: 0.000000
  [65 45]: 0.669998


Time Step = 21
  [ 50 100]: 0.000000
  [ 35 115]: 0.000000
  [ 65 115]: 0.000000
  [35 90]: 0.000000
  [65 90]: 0.000000
  [50 85]: 0.000000
  [35 65]: 0.000000
  [65 65]: 0.038737
  [50 60]: 0.000001
  [35 45]: 0.000000
  [65 45]: 0.961262


Time Step = 22
  [ 50 100]: 0.000000
  [ 35 115]: 0.000000
  [ 65 115]: 0.000000
  [35 90]: 0.000000
  [65 90]: 0.000000
  [50 85]: 0.000000
  [35 65]: 0.000000
  [65 65]: 0.017850
  [50 60]: 0.000000
  [35 45]: 0.000000
  [65 45]: 0.982150


Time Step = 23
  [ 50 100]: 0.000000
  [ 35 115]: 0.000000
  [ 65 115]: 0.000000
  [35 90]: 0.000000
  [65 90]: 0.000000
  [50 85]: 0.000000
  [35 65]: 0.000000
  [65 65]: 0.011478
  [50 60]: 0.000000
  [35 45]: 0.000000
  [65 45]: 0.988522


Time Step = 24
  [ 50 100]: 0.000000
  [ 35 115]: 0.000000
  [ 65 115]: 0.000000
  [35 90]: 0.000000
  [65 90]: 0.000000
  [50 85]: 0.000000
  [35 65]: 0.000000
  [65 65]: 0.725131
  [50 60]: 0.000020
  [35 45]: 0.000000
  [65 45]: 0.274849


Time Step = 25
  [ 50 100]: 0.000000
  [ 35 115]: 0.000000
  [ 65 115]: 0.000000
  [35 90]: 0.000000
  [65 90]: 0.000000
  [50 85]: 0.000000
  [35 65]: 0.000000
  [65 65]: 0.984321
  [50 60]: 0.000191
  [35 45]: 0.000000
  [65 45]: 0.015489


Time Step = 26
  [ 50 100]: 0.000000
  [ 35 115]: 0.000000
  [ 65 115]: 0.000000
  [35 90]: 0.000000
  [65 90]: 0.000000
  [50 85]: 0.000000
  [35 65]: 0.000000
  [65 65]: 0.997065
  [50 60]: 0.002000
  [35 45]: 0.000000
  [65 45]: 0.000935


Time Step = 27
  [ 50 100]: 0.000000
  [ 35 115]: 0.000000
  [ 65 115]: 0.000000
  [35 90]: 0.000000
  [65 90]: 0.000000
  [50 85]: 0.000000
  [35 65]: 0.000000
  [65 65]: 0.992848
  [50 60]: 0.007140
  [35 45]: 0.000000
  [65 45]: 0.000011


Time Step = 28
  [ 50 100]: 0.000000
  [ 35 115]: 0.000000
  [ 65 115]: 0.000000
  [35 90]: 0.000000
  [65 90]: 0.000000
  [50 85]: 0.000000
  [35 65]: 0.000000
  [65 65]: 0.986106
  [50 60]: 0.013892
  [35 45]: 0.000000
  [65 45]: 0.000002


Time Step = 29
  [ 50 100]: 0.000000
  [ 35 115]: 0.000000
  [ 65 115]: 0.000000
  [35 90]: 0.000000
  [65 90]: 0.000000
  [50 85]: 0.000000
  [35 65]: 0.000000
  [65 65]: 0.981777
  [50 60]: 0.018223
  [35 45]: 0.000000
  [65 45]: 0.000000


Time Step = 30
  [ 50 100]: 0.000000
  [ 35 115]: 0.000000
  [ 65 115]: 0.000000
  [35 90]: 0.000000
  [65 90]: 0.000000
  [50 85]: 0.000000
  [35 65]: 0.000000
  [65 65]: 0.958073
  [50 60]: 0.041927
  [35 45]: 0.000000
  [65 45]: 0.000000


Time Step = 31
  [ 50 100]: 0.000000
  [ 35 115]: 0.000000
  [ 65 115]: 0.000000
  [35 90]: 0.000000
  [65 90]: 0.000000
  [50 85]: 0.000000
  [35 65]: 0.000000
  [65 65]: 0.926796
  [50 60]: 0.073204
  [35 45]: 0.000000
  [65 45]: 0.000000


Time Step = 32
  [ 50 100]: 0.000000
  [ 35 115]: 0.000000
  [ 65 115]: 0.000000
  [35 90]: 0.000000
  [65 90]: 0.000000
  [50 85]: 0.000000
  [35 65]: 0.000000
  [65 65]: 0.963098
  [50 60]: 0.036902
  [35 45]: 0.000000
  [65 45]: 0.000000


Time Step = 33
  [ 50 100]: 0.000000
  [ 35 115]: 0.000000
  [ 65 115]: 0.000000
  [35 90]: 0.000000
  [65 90]: 0.000000
  [50 85]: 0.000000
  [35 65]: 0.000000
  [65 65]: 0.938377
  [50 60]: 0.061623
  [35 45]: 0.000000
  [65 45]: 0.000000


Time Step = 34
  [ 50 100]: 0.000000
  [ 35 115]: 0.000000
  [ 65 115]: 0.000000
  [35 90]: 0.000000
  [65 90]: 0.000000
  [50 85]: 0.000000
  [35 65]: 0.000000
  [65 65]: 0.616737
  [50 60]: 0.383262
  [35 45]: 0.000000
  [65 45]: 0.000000


Time Step = 35
  [ 50 100]: 0.000000
  [ 35 115]: 0.000000
  [ 65 115]: 0.000000
  [35 90]: 0.000000
  [65 90]: 0.000000
  [50 85]: 0.000000
  [35 65]: 0.000000
  [65 65]: 0.116092
  [50 60]: 0.883908
  [35 45]: 0.000000
  [65 45]: 0.000000


Time Step = 36
  [ 50 100]: 0.000000
  [ 35 115]: 0.000000
  [ 65 115]: 0.000000
  [35 90]: 0.000000
  [65 90]: 0.000000
  [50 85]: 0.000000
  [35 65]: 0.000000
  [65 65]: 0.052041
  [50 60]: 0.947958
  [35 45]: 0.000000
  [65 45]: 0.000000


Time Step = 37
  [ 50 100]: 0.000000
  [ 35 115]: 0.000000
  [ 65 115]: 0.000000
  [35 90]: 0.000000
  [65 90]: 0.000003
  [50 85]: 0.000000
  [35 65]: 0.000000
  [65 65]: 0.025962
  [50 60]: 0.974035
  [35 45]: 0.000000
  [65 45]: 0.000000


Time Step = 38
  [ 50 100]: 0.000000
  [ 35 115]: 0.000000
  [ 65 115]: 0.000000
  [35 90]: 0.000000
  [65 90]: 0.000002
  [50 85]: 0.000000
  [35 65]: 0.000000
  [65 65]: 0.003459
  [50 60]: 0.996538
  [35 45]: 0.000000
  [65 45]: 0.000000


Time Step = 39
  [ 50 100]: 0.000000
  [ 35 115]: 0.000000
  [ 65 115]: 0.000000
  [35 90]: 0.000000
  [65 90]: 0.000000
  [50 85]: 0.000000
  [35 65]: 0.000000
  [65 65]: 0.009480
  [50 60]: 0.990519
  [35 45]: 0.000000
  [65 45]: 0.000000


Time Step = 40
  [ 50 100]: 0.000000
  [ 35 115]: 0.000000
  [ 65 115]: 0.000000
  [35 90]: 0.000000
  [65 90]: 0.000004
  [50 85]: 0.000000
  [35 65]: 0.000000
  [65 65]: 0.013254
  [50 60]: 0.986742
  [35 45]: 0.000000
  [65 45]: 0.000000


Time Step = 41
  [ 50 100]: 0.000000
  [ 35 115]: 0.000000
  [ 65 115]: 0.000000
  [35 90]: 0.000000
  [65 90]: 0.000001
  [50 85]: 0.000000
  [35 65]: 0.000000
  [65 65]: 0.020799
  [50 60]: 0.979200
  [35 45]: 0.000000
  [65 45]: 0.000000


Time Step = 42
  [ 50 100]: 0.000000
  [ 35 115]: 0.000000
  [ 65 115]: 0.000000
  [35 90]: 0.000000
  [65 90]: 0.000000
  [50 85]: 0.000000
  [35 65]: 0.000000
  [65 65]: 0.038763
  [50 60]: 0.961237
  [35 45]: 0.000000
  [65 45]: 0.000000


Time Step = 43
  [ 50 100]: 0.000000
  [ 35 115]: 0.000000
  [ 65 115]: 0.000000
  [35 90]: 0.000000
  [65 90]: 0.000000
  [50 85]: 0.000000
  [35 65]: 0.000000
  [65 65]: 0.044571
  [50 60]: 0.955429
  [35 45]: 0.000000
  [65 45]: 0.000000


Time Step = 44
  [ 50 100]: 0.000000
  [ 35 115]: 0.000000
  [ 65 115]: 0.000000
  [35 90]: 0.000000
  [65 90]: 0.000000
  [50 85]: 0.000000
  [35 65]: 0.000000
  [65 65]: 0.075598
  [50 60]: 0.924402
  [35 45]: 0.000000
  [65 45]: 0.000000


Time Step = 45
  [ 50 100]: 0.000000
  [ 35 115]: 0.000000
  [ 65 115]: 0.000000
  [35 90]: 0.000000
  [65 90]: 0.000000
  [50 85]: 0.000000
  [35 65]: 0.000000
  [65 65]: 0.077789
  [50 60]: 0.922211
  [35 45]: 0.000000
  [65 45]: 0.000000


Time Step = 46
  [ 50 100]: 0.000000
  [ 35 115]: 0.000000
  [ 65 115]: 0.000000
  [35 90]: 0.000000
  [65 90]: 0.000000
  [50 85]: 0.000000
  [35 65]: 0.000000
  [65 65]: 0.045335
  [50 60]: 0.954664
  [35 45]: 0.000000
  [65 45]: 0.000000


Time Step = 47
  [ 50 100]: 0.000000
  [ 35 115]: 0.000000
  [ 65 115]: 0.000000
  [35 90]: 0.000000
  [65 90]: 0.000000
  [50 85]: 0.000000
  [35 65]: 0.000000
  [65 65]: 0.069124
  [50 60]: 0.930876
  [35 45]: 0.000000
  [65 45]: 0.000000


Time Step = 48
  [ 50 100]: 0.000000
  [ 35 115]: 0.000000
  [ 65 115]: 0.000000
  [35 90]: 0.000000
  [65 90]: 0.000000
  [50 85]: 0.000000
  [35 65]: 0.000000
  [65 65]: 0.025524
  [50 60]: 0.974476
  [35 45]: 0.000000
  [65 45]: 0.000000


Time Step = 49
  [ 50 100]: 0.000000
  [ 35 115]: 0.000000
  [ 65 115]: 0.000000
  [35 90]: 0.000000
  [65 90]: 0.000000
  [50 85]: 0.000000
  [35 65]: 0.000000
  [65 65]: 0.020127
  [50 60]: 0.979873
  [35 45]: 0.000000
  [65 45]: 0.000000


Time Step = 50
  [ 50 100]: 0.000000
  [ 35 115]: 0.000000
  [ 65 115]: 0.000000
  [35 90]: 0.000000
  [65 90]: 0.000000
  [50 85]: 0.000000
  [35 65]: 0.000000
  [65 65]: 0.011316
  [50 60]: 0.988684
  [35 45]: 0.000000
  [65 45]: 0.000000


Time Step = 51
  [ 50 100]: 0.000000
  [ 35 115]: 0.000000
  [ 65 115]: 0.000000
  [35 90]: 0.000000
  [65 90]: 0.000000
  [50 85]: 0.000000
  [35 65]: 0.000000
  [65 65]: 0.003497
  [50 60]: 0.996503
  [35 45]: 0.000000
  [65 45]: 0.000000


Time Step = 52
  [ 50 100]: 0.000000
  [ 35 115]: 0.000000
  [ 65 115]: 0.000000
  [35 90]: 0.000000
  [65 90]: 0.000000
  [50 85]: 0.000000
  [35 65]: 0.000000
  [65 65]: 0.002329
  [50 60]: 0.997671
  [35 45]: 0.000000
  [65 45]: 0.000000


Time Step = 53
  [ 50 100]: 0.000000
  [ 35 115]: 0.000000
  [ 65 115]: 0.000000
  [35 90]: 0.000000
  [65 90]: 0.000000
  [50 85]: 0.000000
  [35 65]: 0.000000
  [65 65]: 0.002489
  [50 60]: 0.997511
  [35 45]: 0.000000
  [65 45]: 0.000000


Time Step = 54
  [ 50 100]: 0.000000
  [ 35 115]: 0.000000
  [ 65 115]: 0.000000
  [35 90]: 0.000000
  [65 90]: 0.000000
  [50 85]: 0.000000
  [35 65]: 0.000000
  [65 65]: 0.001163
  [50 60]: 0.998837
  [35 45]: 0.000000
  [65 45]: 0.000000


Time Step = 55
  [ 50 100]: 0.000000
  [ 35 115]: 0.000000
  [ 65 115]: 0.000000
  [35 90]: 0.000000
  [65 90]: 0.000000
  [50 85]: 0.000000
  [35 65]: 0.000000
  [65 65]: 0.001707
  [50 60]: 0.998292
  [35 45]: 0.000000
  [65 45]: 0.000000


Time Step = 56
  [ 50 100]: 0.000000
  [ 35 115]: 0.000000
  [ 65 115]: 0.000000
  [35 90]: 0.000000
  [65 90]: 0.000000
  [50 85]: 0.000000
  [35 65]: 0.000000
  [65 65]: 0.000801
  [50 60]: 0.999199
  [35 45]: 0.000000
  [65 45]: 0.000000


Time Step = 57
  [ 50 100]: 0.000000
  [ 35 115]: 0.000000
  [ 65 115]: 0.000000
  [35 90]: 0.000000
  [65 90]: 0.000000
  [50 85]: 0.000000
  [35 65]: 0.000000
  [65 65]: 0.000591
  [50 60]: 0.999409
  [35 45]: 0.000000
  [65 45]: 0.000000


Time Step = 58
  [ 50 100]: 0.000000
  [ 35 115]: 0.000000
  [ 65 115]: 0.000000
  [35 90]: 0.000000
  [65 90]: 0.000000
  [50 85]: 0.000000
  [35 65]: 0.000000
  [65 65]: 0.000256
  [50 60]: 0.999744
  [35 45]: 0.000000
  [65 45]: 0.000000


Time Step = 59
  [ 50 100]: 0.000000
  [ 35 115]: 0.000000
  [ 65 115]: 0.000000
  [35 90]: 0.000000
  [65 90]: 0.000000
  [50 85]: 0.000000
  [35 65]: 0.000000
  [65 65]: 0.000155
  [50 60]: 0.999845
  [35 45]: 0.000000
  [65 45]: 0.000000


Time Step = 60
  [ 50 100]: 0.000000
  [ 35 115]: 0.000000
  [ 65 115]: 0.000000
  [35 90]: 0.000000
  [65 90]: 0.000000
  [50 85]: 0.000000
  [35 65]: 0.000000
  [65 65]: 0.000038
  [50 60]: 0.999962
  [35 45]: 0.000000
  [65 45]: 0.000000


Time Step = 61
  [ 50 100]: 0.000000
  [ 35 115]: 0.000000
  [ 65 115]: 0.000000
  [35 90]: 0.000000
  [65 90]: 0.000000
  [50 85]: 0.000000
  [35 65]: 0.000000
  [65 65]: 0.000017
  [50 60]: 0.999983
  [35 45]: 0.000000
  [65 45]: 0.000000


Time Step = 62
  [ 50 100]: 0.000000
  [ 35 115]: 0.000000
  [ 65 115]: 0.000000
  [35 90]: 0.000000
  [65 90]: 0.000000
  [50 85]: 0.000000
  [35 65]: 0.000000
  [65 65]: 0.000013
  [50 60]: 0.999987
  [35 45]: 0.000000
  [65 45]: 0.000000


Time Step = 63
  [ 50 100]: 0.000000
  [ 35 115]: 0.000000
  [ 65 115]: 0.000000
  [35 90]: 0.000000
  [65 90]: 0.000000
  [50 85]: 0.000000
  [35 65]: 0.000000
  [65 65]: 0.000014
  [50 60]: 0.999986
  [35 45]: 0.000000
  [65 45]: 0.000000


Time Step = 64
  [ 50 100]: 0.000000
  [ 35 115]: 0.000000
  [ 65 115]: 0.000000
  [35 90]: 0.000000
  [65 90]: 0.000000
  [50 85]: 0.000000
  [35 65]: 0.000000
  [65 65]: 0.000013
  [50 60]: 0.999987
  [35 45]: 0.000000
  [65 45]: 0.000000


Time Step = 65
  [ 50 100]: 0.000000
  [ 35 115]: 0.000000
  [ 65 115]: 0.000000
  [35 90]: 0.000000
  [65 90]: 0.000000
  [50 85]: 0.000000
  [35 65]: 0.000000
  [65 65]: 0.000015
  [50 60]: 0.999985
  [35 45]: 0.000000
  [65 45]: 0.000000


Time Step = 66
  [ 50 100]: 0.000000
  [ 35 115]: 0.000000
  [ 65 115]: 0.000000
  [35 90]: 0.000000
  [65 90]: 0.000000
  [50 85]: 0.000000
  [35 65]: 0.000000
  [65 65]: 0.000012
  [50 60]: 0.999988
  [35 45]: 0.000000
  [65 45]: 0.000000


Time Step = 67
  [ 50 100]: 0.000000
  [ 35 115]: 0.000000
  [ 65 115]: 0.000000
  [35 90]: 0.000000
  [65 90]: 0.000000
  [50 85]: 0.000000
  [35 65]: 0.000000
  [65 65]: 0.000005
  [50 60]: 0.999994
  [35 45]: 0.000000
  [65 45]: 0.000000


Time Step = 68
  [ 50 100]: 0.000000
  [ 35 115]: 0.000000
  [ 65 115]: 0.000000
  [35 90]: 0.000000
  [65 90]: 0.000000
  [50 85]: 0.000000
  [35 65]: 0.000001
  [65 65]: 0.000003
  [50 60]: 0.999997
  [35 45]: 0.000000
  [65 45]: 0.000000


Time Step = 69
  [ 50 100]: 0.000000
  [ 35 115]: 0.000000
  [ 65 115]: 0.000000
  [35 90]: 0.000000
  [65 90]: 0.000000
  [50 85]: 0.000000
  [35 65]: 0.000000
  [65 65]: 0.000004
  [50 60]: 0.999995
  [35 45]: 0.000000
  [65 45]: 0.000000


Time Step = 70
  [ 50 100]: 0.000000
  [ 35 115]: 0.000000
  [ 65 115]: 0.000000
  [35 90]: 0.000000
  [65 90]: 0.000001
  [50 85]: 0.000000
  [35 65]: 0.000000
  [65 65]: 0.000004
  [50 60]: 0.999995
  [35 45]: 0.000000
  [65 45]: 0.000000


Time Step = 71
  [ 50 100]: 0.000000
  [ 35 115]: 0.000000
  [ 65 115]: 0.000000
  [35 90]: 0.000000
  [65 90]: 0.000000
  [50 85]: 0.000000
  [35 65]: 0.000000
  [65 65]: 0.000003
  [50 60]: 0.999996
  [35 45]: 0.000000
  [65 45]: 0.000000


Time Step = 72
  [ 50 100]: 0.000000
  [ 35 115]: 0.000000
  [ 65 115]: 0.000000
  [35 90]: 0.000000
  [65 90]: 0.000001
  [50 85]: 0.000000
  [35 65]: 0.000001
  [65 65]: 0.000003
  [50 60]: 0.999996
  [35 45]: 0.000000
  [65 45]: 0.000000


Time Step = 73
  [ 50 100]: 0.000000
  [ 35 115]: 0.000000
  [ 65 115]: 0.000000
  [35 90]: 0.000000
  [65 90]: 0.000005
  [50 85]: 0.000000
  [35 65]: 0.000004
  [65 65]: 0.000001
  [50 60]: 0.999990
  [35 45]: 0.000000
  [65 45]: 0.000000


Time Step = 74
  [ 50 100]: 0.000000
  [ 35 115]: 0.000000
  [ 65 115]: 0.000000
  [35 90]: 0.000000
  [65 90]: 0.000003
  [50 85]: 0.000000
  [35 65]: 0.000001
  [65 65]: 0.000002
  [50 60]: 0.999994
  [35 45]: 0.000000
  [65 45]: 0.000000


Time Step = 75
  [ 50 100]: 0.000000
  [ 35 115]: 0.000000
  [ 65 115]: 0.000000
  [35 90]: 0.000000
  [65 90]: 0.000004
  [50 85]: 0.000000
  [35 65]: 0.000003
  [65 65]: 0.000001
  [50 60]: 0.999992
  [35 45]: 0.000000
  [65 45]: 0.000000


Time Step = 76
  [ 50 100]: 0.000000
  [ 35 115]: 0.000000
  [ 65 115]: 0.000000
  [35 90]: 0.000000
  [65 90]: 0.000005
  [50 85]: 0.000000
  [35 65]: 0.000003
  [65 65]: 0.000001
  [50 60]: 0.999991
  [35 45]: 0.000000
  [65 45]: 0.000000


Time Step = 77
  [ 50 100]: 0.000000
  [ 35 115]: 0.000000
  [ 65 115]: 0.000000
  [35 90]: 0.000000
  [65 90]: 0.000003
  [50 85]: 0.000000
  [35 65]: 0.000001
  [65 65]: 0.000002
  [50 60]: 0.999994
  [35 45]: 0.000000
  [65 45]: 0.000000


Time Step = 78
  [ 50 100]: 0.000000
  [ 35 115]: 0.000000
  [ 65 115]: 0.000000
  [35 90]: 0.000000
  [65 90]: 0.000002
  [50 85]: 0.000000
  [35 65]: 0.000001
  [65 65]: 0.000003
  [50 60]: 0.999995
  [35 45]: 0.000000
  [65 45]: 0.000000


Time Step = 79
  [ 50 100]: 0.000000
  [ 35 115]: 0.000000
  [ 65 115]: 0.000000
  [35 90]: 0.000000
  [65 90]: 0.000004
  [50 85]: 0.000000
  [35 65]: 0.000001
  [65 65]: 0.000002
  [50 60]: 0.999993
  [35 45]: 0.000000
  [65 45]: 0.000000


Time Step = 80
  [ 50 100]: 0.000000
  [ 35 115]: 0.000000
  [ 65 115]: 0.000000
  [35 90]: 0.000000
  [65 90]: 0.000003
  [50 85]: 0.000000
  [35 65]: 0.000001
  [65 65]: 0.000002
  [50 60]: 0.999995
  [35 45]: 0.000000
  [65 45]: 0.000000


Time Step = 81
  [ 50 100]: 0.000000
  [ 35 115]: 0.000000
  [ 65 115]: 0.000000
  [35 90]: 0.000000
  [65 90]: 0.000002
  [50 85]: 0.000000
  [35 65]: 0.000002
  [65 65]: 0.000001
  [50 60]: 0.999995
  [35 45]: 0.000000
  [65 45]: 0.000000


Time Step = 82
  [ 50 100]: 0.000000
  [ 35 115]: 0.000000
  [ 65 115]: 0.000000
  [35 90]: 0.000000
  [65 90]: 0.000002
  [50 85]: 0.000000
  [35 65]: 0.000002
  [65 65]: 0.000001
  [50 60]: 0.999996
  [35 45]: 0.000000
  [65 45]: 0.000000


Time Step = 83
  [ 50 100]: 0.000000
  [ 35 115]: 0.000000
  [ 65 115]: 0.000000
  [35 90]: 0.000000
  [65 90]: 0.000002
  [50 85]: 0.000000
  [35 65]: 0.000002
  [65 65]: 0.000001
  [50 60]: 0.999996
  [35 45]: 0.000000
  [65 45]: 0.000000


Time Step = 84
  [ 50 100]: 0.000000
  [ 35 115]: 0.000000
  [ 65 115]: 0.000000
  [35 90]: 0.000000
  [65 90]: 0.000001
  [50 85]: 0.000000
  [35 65]: 0.000002
  [65 65]: 0.000001
  [50 60]: 0.999996
  [35 45]: 0.000000
  [65 45]: 0.000000


Time Step = 85
  [ 50 100]: 0.000000
  [ 35 115]: 0.000000
  [ 65 115]: 0.000000
  [35 90]: 0.000000
  [65 90]: 0.000001
  [50 85]: 0.000000
  [35 65]: 0.000001
  [65 65]: 0.000001
  [50 60]: 0.999998
  [35 45]: 0.000000
  [65 45]: 0.000000


Time Step = 86
  [ 50 100]: 0.000000
  [ 35 115]: 0.000000
  [ 65 115]: 0.000000
  [35 90]: 0.000000
  [65 90]: 0.000000
  [50 85]: 0.000000
  [35 65]: 0.000001
  [65 65]: 0.000001
  [50 60]: 0.999998
  [35 45]: 0.000000
  [65 45]: 0.000000


Time Step = 87
  [ 50 100]: 0.000000
  [ 35 115]: 0.000000
  [ 65 115]: 0.000000
  [35 90]: 0.000000
  [65 90]: 0.000001
  [50 85]: 0.000000
  [35 65]: 0.000001
  [65 65]: 0.000001
  [50 60]: 0.999998
  [35 45]: 0.000000
  [65 45]: 0.000000


Time Step = 88
  [ 50 100]: 0.000000
  [ 35 115]: 0.000000
  [ 65 115]: 0.000000
  [35 90]: 0.000000
  [65 90]: 0.000002
  [50 85]: 0.000000
  [35 65]: 0.000002
  [65 65]: 0.000001
  [50 60]: 0.999995
  [35 45]: 0.000000
  [65 45]: 0.000000


Time Step = 89
  [ 50 100]: 0.000000
  [ 35 115]: 0.000000
  [ 65 115]: 0.000000
  [35 90]: 0.000000
  [65 90]: 0.000008
  [50 85]: 0.000000
  [35 65]: 0.000004
  [65 65]: 0.000001
  [50 60]: 0.999987
  [35 45]: 0.000000
  [65 45]: 0.000000


Time Step = 90
  [ 50 100]: 0.000000
  [ 35 115]: 0.000000
  [ 65 115]: 0.000000
  [35 90]: 0.000000
  [65 90]: 0.000024
  [50 85]: 0.000000
  [35 65]: 0.000013
  [65 65]: 0.000000
  [50 60]: 0.999962
  [35 45]: 0.000000
  [65 45]: 0.000000


Time Step = 91
  [ 50 100]: 0.000000
  [ 35 115]: 0.000000
  [ 65 115]: 0.000000
  [35 90]: 0.000000
  [65 90]: 0.000037
  [50 85]: 0.000001
  [35 65]: 0.000030
  [65 65]: 0.000000
  [50 60]: 0.999932
  [35 45]: 0.000000
  [65 45]: 0.000000


Time Step = 92
  [ 50 100]: 0.000000
  [ 35 115]: 0.000000
  [ 65 115]: 0.000000
  [35 90]: 0.000000
  [65 90]: 0.000022
  [50 85]: 0.000000
  [35 65]: 0.000021
  [65 65]: 0.000000
  [50 60]: 0.999956
  [35 45]: 0.000000
  [65 45]: 0.000000


Time Step = 93
  [ 50 100]: 0.000000
  [ 35 115]: 0.000000
  [ 65 115]: 0.000000
  [35 90]: 0.000000
  [65 90]: 0.000021
  [50 85]: 0.000001
  [35 65]: 0.000040
  [65 65]: 0.000000
  [50 60]: 0.999938
  [35 45]: 0.000000
  [65 45]: 0.000000


Time Step = 94
  [ 50 100]: 0.000000
  [ 35 115]: 0.000000
  [ 65 115]: 0.000000
  [35 90]: 0.000000
  [65 90]: 0.000014
  [50 85]: 0.000001
  [35 65]: 0.000055
  [65 65]: 0.000000
  [50 60]: 0.999930
  [35 45]: 0.000000
  [65 45]: 0.000000


Time Step = 95
  [ 50 100]: 0.000000
  [ 35 115]: 0.000000
  [ 65 115]: 0.000000
  [35 90]: 0.000000
  [65 90]: 0.000011
  [50 85]: 0.000001
  [35 65]: 0.000053
  [65 65]: 0.000000
  [50 60]: 0.999935
  [35 45]: 0.000000
  [65 45]: 0.000000


Time Step = 96
  [ 50 100]: 0.000000
  [ 35 115]: 0.000000
  [ 65 115]: 0.000000
  [35 90]: 0.000000
  [65 90]: 0.000013
  [50 85]: 0.000001
  [35 65]: 0.000068
  [65 65]: 0.000000
  [50 60]: 0.999918
  [35 45]: 0.000000
  [65 45]: 0.000000


Time Step = 97
  [ 50 100]: 0.000000
  [ 35 115]: 0.000000
  [ 65 115]: 0.000000
  [35 90]: 0.000000
  [65 90]: 0.000012
  [50 85]: 0.000001
  [35 65]: 0.000052
  [65 65]: 0.000000
  [50 60]: 0.999936
  [35 45]: 0.000000
  [65 45]: 0.000000


Time Step = 98
  [ 50 100]: 0.000000
  [ 35 115]: 0.000000
  [ 65 115]: 0.000000
  [35 90]: 0.000000
  [65 90]: 0.000022
  [50 85]: 0.000002
  [35 65]: 0.000134
  [65 65]: 0.000000
  [50 60]: 0.999842
  [35 45]: 0.000000
  [65 45]: 0.000000


Time Step = 99
  [ 50 100]: 0.000000
  [ 35 115]: 0.000000
  [ 65 115]: 0.000000
  [35 90]: 0.000000
  [65 90]: 0.000039
  [50 85]: 0.000006
  [35 65]: 0.000383
  [65 65]: 0.000000
  [50 60]: 0.999572
  [35 45]: 0.000000
  [65 45]: 0.000000


Time Step = 100
  [ 50 100]: 0.000000
  [ 35 115]: 0.000000
  [ 65 115]: 0.000000
  [35 90]: 0.000000
  [65 90]: 0.000046
  [50 85]: 0.000005
  [35 65]: 0.000240
  [65 65]: 0.000000
  [50 60]: 0.999709
  [35 45]: 0.000000
  [65 45]: 0.000000


Time Step = 101
  [ 50 100]: 0.000000
  [ 35 115]: 0.000000
  [ 65 115]: 0.000000
  [35 90]: 0.000000
  [65 90]: 0.000024
  [50 85]: 0.000002
  [35 65]: 0.000189
  [65 65]: 0.000000
  [50 60]: 0.999785
  [35 45]: 0.000000
  [65 45]: 0.000000


Time Step = 102
  [ 50 100]: 0.000000
  [ 35 115]: 0.000000
  [ 65 115]: 0.000000
  [35 90]: 0.000000
  [65 90]: 0.000014
  [50 85]: 0.000001
  [35 65]: 0.000141
  [65 65]: 0.000000
  [50 60]: 0.999843
  [35 45]: 0.000000
  [65 45]: 0.000000


Time Step = 103
  [ 50 100]: 0.000000
  [ 35 115]: 0.000000
  [ 65 115]: 0.000000
  [35 90]: 0.000000
  [65 90]: 0.000010
  [50 85]: 0.000001
  [35 65]: 0.000114
  [65 65]: 0.000000
  [50 60]: 0.999875
  [35 45]: 0.000000
  [65 45]: 0.000000


Time Step = 104
  [ 50 100]: 0.000000
  [ 35 115]: 0.000000
  [ 65 115]: 0.000000
  [35 90]: 0.000000
  [65 90]: 0.000002
  [50 85]: 0.000000
  [35 65]: 0.000014
  [65 65]: 0.000000
  [50 60]: 0.999984
  [35 45]: 0.000000
  [65 45]: 0.000000


Time Step = 105
  [ 50 100]: 0.000000
  [ 35 115]: 0.000000
  [ 65 115]: 0.000000
  [35 90]: 0.000000
  [65 90]: 0.000001
  [50 85]: 0.000000
  [35 65]: 0.000006
  [65 65]: 0.000000
  [50 60]: 0.999992
  [35 45]: 0.000000
  [65 45]: 0.000000


Time Step = 106
  [ 50 100]: 0.000000
  [ 35 115]: 0.000000
  [ 65 115]: 0.000000
  [35 90]: 0.000000
  [65 90]: 0.000001
  [50 85]: 0.000000
  [35 65]: 0.000006
  [65 65]: 0.000000
  [50 60]: 0.999993
  [35 45]: 0.000000
  [65 45]: 0.000000


Time Step = 107
  [ 50 100]: 0.000000
  [ 35 115]: 0.000000
  [ 65 115]: 0.000000
  [35 90]: 0.000000
  [65 90]: 0.000001
  [50 85]: 0.000000
  [35 65]: 0.000003
  [65 65]: 0.000000
  [50 60]: 0.999996
  [35 45]: 0.000000
  [65 45]: 0.000000


Time Step = 108
  [ 50 100]: 0.000000
  [ 35 115]: 0.000000
  [ 65 115]: 0.000000
  [35 90]: 0.000000
  [65 90]: 0.000001
  [50 85]: 0.000000
  [35 65]: 0.000002
  [65 65]: 0.000000
  [50 60]: 0.999996
  [35 45]: 0.000000
  [65 45]: 0.000000


Time Step = 109
  [ 50 100]: 0.000000
  [ 35 115]: 0.000000
  [ 65 115]: 0.000000
  [35 90]: 0.000000
  [65 90]: 0.000002
  [50 85]: 0.000000
  [35 65]: 0.000002
  [65 65]: 0.000000
  [50 60]: 0.999997
  [35 45]: 0.000000
  [65 45]: 0.000000


Time Step = 110
  [ 50 100]: 0.000000
  [ 35 115]: 0.000000
  [ 65 115]: 0.000000
  [35 90]: 0.000000
  [65 90]: 0.000002
  [50 85]: 0.000000
  [35 65]: 0.000002
  [65 65]: 0.000000
  [50 60]: 0.999995
  [35 45]: 0.000000
  [65 45]: 0.000000


Time Step = 111
  [ 50 100]: 0.000000
  [ 35 115]: 0.000000
  [ 65 115]: 0.000000
  [35 90]: 0.000000
  [65 90]: 0.000002
  [50 85]: 0.000000
  [35 65]: 0.000001
  [65 65]: 0.000000
  [50 60]: 0.999997
  [35 45]: 0.000000
  [65 45]: 0.000000


Time Step = 112
  [ 50 100]: 0.000000
  [ 35 115]: 0.000000
  [ 65 115]: 0.000000
  [35 90]: 0.000000
  [65 90]: 0.000001
  [50 85]: 0.000000
  [35 65]: 0.000001
  [65 65]: 0.000000
  [50 60]: 0.999997
  [35 45]: 0.000000
  [65 45]: 0.000000


Time Step = 113
  [ 50 100]: 0.000000
  [ 35 115]: 0.000000
  [ 65 115]: 0.000000
  [35 90]: 0.000000
  [65 90]: 0.000001
  [50 85]: 0.000000
  [35 65]: 0.000001
  [65 65]: 0.000000
  [50 60]: 0.999997
  [35 45]: 0.000000
  [65 45]: 0.000000


Time Step = 114
  [ 50 100]: 0.000000
  [ 35 115]: 0.000000
  [ 65 115]: 0.000000
  [35 90]: 0.000000
  [65 90]: 0.000001
  [50 85]: 0.000000
  [35 65]: 0.000001
  [65 65]: 0.000000
  [50 60]: 0.999997
  [35 45]: 0.000000
  [65 45]: 0.000000


Time Step = 115
  [ 50 100]: 0.000000
  [ 35 115]: 0.000000
  [ 65 115]: 0.000000
  [35 90]: 0.000000
  [65 90]: 0.000002
  [50 85]: 0.000000
  [35 65]: 0.000002
  [65 65]: 0.000000
  [50 60]: 0.999995
  [35 45]: 0.000000
  [65 45]: 0.000000


Time Step = 116
  [ 50 100]: 0.000000
  [ 35 115]: 0.000000
  [ 65 115]: 0.000000
  [35 90]: 0.000000
  [65 90]: 0.000002
  [50 85]: 0.000000
  [35 65]: 0.000004
  [65 65]: 0.000000
  [50 60]: 0.999994
  [35 45]: 0.000000
  [65 45]: 0.000000


Time Step = 117
  [ 50 100]: 0.000000
  [ 35 115]: 0.000000
  [ 65 115]: 0.000000
  [35 90]: 0.000000
  [65 90]: 0.000003
  [50 85]: 0.000000
  [35 65]: 0.000007
  [65 65]: 0.000000
  [50 60]: 0.999990
  [35 45]: 0.000000
  [65 45]: 0.000000


Time Step = 118
  [ 50 100]: 0.000000
  [ 35 115]: 0.000000
  [ 65 115]: 0.000000
  [35 90]: 0.000000
  [65 90]: 0.000003
  [50 85]: 0.000000
  [35 65]: 0.000007
  [65 65]: 0.000000
  [50 60]: 0.999990
  [35 45]: 0.000000
  [65 45]: 0.000000


Time Step = 119
  [ 50 100]: 0.000000
  [ 35 115]: 0.000000
  [ 65 115]: 0.000000
  [35 90]: 0.000000
  [65 90]: 0.000005
  [50 85]: 0.000000
  [35 65]: 0.000014
  [65 65]: 0.000000
  [50 60]: 0.999981
  [35 45]: 0.000000
  [65 45]: 0.000000


Time Step = 120
  [ 50 100]: 0.000000
  [ 35 115]: 0.000000
  [ 65 115]: 0.000000
  [35 90]: 0.000000
  [65 90]: 0.000006
  [50 85]: 0.000000
  [35 65]: 0.000023
  [65 65]: 0.000000
  [50 60]: 0.999971
  [35 45]: 0.000000
  [65 45]: 0.000000


Time Step = 121
  [ 50 100]: 0.000000
  [ 35 115]: 0.000000
  [ 65 115]: 0.000000
  [35 90]: 0.000000
  [65 90]: 0.000009
  [50 85]: 0.000000
  [35 65]: 0.000042
  [65 65]: 0.000000
  [50 60]: 0.999948
  [35 45]: 0.000000
  [65 45]: 0.000000


Time Step = 122
  [ 50 100]: 0.000000
  [ 35 115]: 0.000000
  [ 65 115]: 0.000000
  [35 90]: 0.000000
  [65 90]: 0.000012
  [50 85]: 0.000001
  [35 65]: 0.000063
  [65 65]: 0.000000
  [50 60]: 0.999924
  [35 45]: 0.000000
  [65 45]: 0.000000


Time Step = 123
  [ 50 100]: 0.000000
  [ 35 115]: 0.000000
  [ 65 115]: 0.000000
  [35 90]: 0.000000
  [65 90]: 0.000011
  [50 85]: 0.000001
  [35 65]: 0.000047
  [65 65]: 0.000000
  [50 60]: 0.999941
  [35 45]: 0.000000
  [65 45]: 0.000000


Time Step = 124
  [ 50 100]: 0.000000
  [ 35 115]: 0.000000
  [ 65 115]: 0.000000
  [35 90]: 0.000000
  [65 90]: 0.000007
  [50 85]: 0.000000
  [35 65]: 0.000020
  [65 65]: 0.000000
  [50 60]: 0.999973
  [35 45]: 0.000000
  [65 45]: 0.000000


Time Step = 125
  [ 50 100]: 0.000000
  [ 35 115]: 0.000000
  [ 65 115]: 0.000000
  [35 90]: 0.000000
  [65 90]: 0.000004
  [50 85]: 0.000000
  [35 65]: 0.000009
  [65 65]: 0.000000
  [50 60]: 0.999988
  [35 45]: 0.000000
  [65 45]: 0.000000


Time Step = 126
  [ 50 100]: 0.000000
  [ 35 115]: 0.000000
  [ 65 115]: 0.000000
  [35 90]: 0.000000
  [65 90]: 0.000005
  [50 85]: 0.000000
  [35 65]: 0.000011
  [65 65]: 0.000000
  [50 60]: 0.999984
  [35 45]: 0.000000
  [65 45]: 0.000000


Time Step = 127
  [ 50 100]: 0.000000
  [ 35 115]: 0.000000
  [ 65 115]: 0.000000
  [35 90]: 0.000000
  [65 90]: 0.000003
  [50 85]: 0.000000
  [35 65]: 0.000007
  [65 65]: 0.000000
  [50 60]: 0.999990
  [35 45]: 0.000000
  [65 45]: 0.000000


Time Step = 128
  [ 50 100]: 0.000000
  [ 35 115]: 0.000000
  [ 65 115]: 0.000000
  [35 90]: 0.000000
  [65 90]: 0.000002
  [50 85]: 0.000000
  [35 65]: 0.000003
  [65 65]: 0.000000
  [50 60]: 0.999995
  [35 45]: 0.000000
  [65 45]: 0.000000


Time Step = 129
  [ 50 100]: 0.000000
  [ 35 115]: 0.000000
  [ 65 115]: 0.000000
  [35 90]: 0.000000
  [65 90]: 0.000001
  [50 85]: 0.000000
  [35 65]: 0.000003
  [65 65]: 0.000000
  [50 60]: 0.999996
  [35 45]: 0.000000
  [65 45]: 0.000000


Time Step = 130
  [ 50 100]: 0.000000
  [ 35 115]: 0.000000
  [ 65 115]: 0.000000
  [35 90]: 0.000000
  [65 90]: 0.000002
  [50 85]: 0.000000
  [35 65]: 0.000002
  [65 65]: 0.000000
  [50 60]: 0.999996
  [35 45]: 0.000000
  [65 45]: 0.000000


Time Step = 131
  [ 50 100]: 0.000000
  [ 35 115]: 0.000000
  [ 65 115]: 0.000000
  [35 90]: 0.000000
  [65 90]: 0.000003
  [50 85]: 0.000000
  [35 65]: 0.000003
  [65 65]: 0.000000
  [50 60]: 0.999993
  [35 45]: 0.000000
  [65 45]: 0.000000


Time Step = 132
  [ 50 100]: 0.000000
  [ 35 115]: 0.000000
  [ 65 115]: 0.000000
  [35 90]: 0.000000
  [65 90]: 0.000004
  [50 85]: 0.000000
  [35 65]: 0.000003
  [65 65]: 0.000000
  [50 60]: 0.999993
  [35 45]: 0.000000
  [65 45]: 0.000000


Time Step = 133
  [ 50 100]: 0.000000
  [ 35 115]: 0.000000
  [ 65 115]: 0.000000
  [35 90]: 0.000000
  [65 90]: 0.000004
  [50 85]: 0.000000
  [35 65]: 0.000003
  [65 65]: 0.000000
  [50 60]: 0.999992
  [35 45]: 0.000000
  [65 45]: 0.000000


Time Step = 134
  [ 50 100]: 0.000000
  [ 35 115]: 0.000000
  [ 65 115]: 0.000000
  [35 90]: 0.000000
  [65 90]: 0.000004
  [50 85]: 0.000000
  [35 65]: 0.000005
  [65 65]: 0.000000
  [50 60]: 0.999991
  [35 45]: 0.000000
  [65 45]: 0.000000


Time Step = 135
  [ 50 100]: 0.000000
  [ 35 115]: 0.000000
  [ 65 115]: 0.000000
  [35 90]: 0.000000
  [65 90]: 0.000006
  [50 85]: 0.000000
  [35 65]: 0.000007
  [65 65]: 0.000000
  [50 60]: 0.999987
  [35 45]: 0.000000
  [65 45]: 0.000000


Time Step = 136
  [ 50 100]: 0.000000
  [ 35 115]: 0.000000
  [ 65 115]: 0.000000
  [35 90]: 0.000000
  [65 90]: 0.000006
  [50 85]: 0.000000
  [35 65]: 0.000008
  [65 65]: 0.000000
  [50 60]: 0.999985
  [35 45]: 0.000000
  [65 45]: 0.000000


Time Step = 137
  [ 50 100]: 0.000000
  [ 35 115]: 0.000000
  [ 65 115]: 0.000000
  [35 90]: 0.000000
  [65 90]: 0.000007
  [50 85]: 0.000000
  [35 65]: 0.000016
  [65 65]: 0.000000
  [50 60]: 0.999977
  [35 45]: 0.000000
  [65 45]: 0.000000


Time Step = 138
  [ 50 100]: 0.000000
  [ 35 115]: 0.000000
  [ 65 115]: 0.000000
  [35 90]: 0.000000
  [65 90]: 0.000006
  [50 85]: 0.000000
  [35 65]: 0.000013
  [65 65]: 0.000000
  [50 60]: 0.999981
  [35 45]: 0.000000
  [65 45]: 0.000000


Time Step = 139
  [ 50 100]: 0.000000
  [ 35 115]: 0.000000
  [ 65 115]: 0.000000
  [35 90]: 0.000000
  [65 90]: 0.000008
  [50 85]: 0.000000
  [35 65]: 0.000018
  [65 65]: 0.000000
  [50 60]: 0.999974
  [35 45]: 0.000000
  [65 45]: 0.000000


Time Step = 140
  [ 50 100]: 0.000000
  [ 35 115]: 0.000000
  [ 65 115]: 0.000000
  [35 90]: 0.000000
  [65 90]: 0.000010
  [50 85]: 0.000000
  [35 65]: 0.000027
  [65 65]: 0.000000
  [50 60]: 0.999963
  [35 45]: 0.000000
  [65 45]: 0.000000


Time Step = 141
  [ 50 100]: 0.000000
  [ 35 115]: 0.000000
  [ 65 115]: 0.000000
  [35 90]: 0.000000
  [65 90]: 0.000013
  [50 85]: 0.000001
  [35 65]: 0.000046
  [65 65]: 0.000000
  [50 60]: 0.999940
  [35 45]: 0.000000
  [65 45]: 0.000000


Time Step = 142
  [ 50 100]: 0.000000
  [ 35 115]: 0.000000
  [ 65 115]: 0.000000
  [35 90]: 0.000000
  [65 90]: 0.000013
  [50 85]: 0.000001
  [35 65]: 0.000042
  [65 65]: 0.000000
  [50 60]: 0.999944
  [35 45]: 0.000000
  [65 45]: 0.000000


Time Step = 143
  [ 50 100]: 0.000000
  [ 35 115]: 0.000000
  [ 65 115]: 0.000000
  [35 90]: 0.000000
  [65 90]: 0.000015
  [50 85]: 0.000001
  [35 65]: 0.000034
  [65 65]: 0.000000
  [50 60]: 0.999951
  [35 45]: 0.000000
  [65 45]: 0.000000


Time Step = 144
  [ 50 100]: 0.000000
  [ 35 115]: 0.000000
  [ 65 115]: 0.000000
  [35 90]: 0.000000
  [65 90]: 0.000015
  [50 85]: 0.000001
  [35 65]: 0.000040
  [65 65]: 0.000000
  [50 60]: 0.999944
  [35 45]: 0.000000
  [65 45]: 0.000000


Time Step = 145
  [ 50 100]: 0.000000
  [ 35 115]: 0.000000
  [ 65 115]: 0.000000
  [35 90]: 0.000000
  [65 90]: 0.000013
  [50 85]: 0.000000
  [35 65]: 0.000034
  [65 65]: 0.000000
  [50 60]: 0.999952
  [35 45]: 0.000000
  [65 45]: 0.000000


Time Step = 146
  [ 50 100]: 0.000000
  [ 35 115]: 0.000000
  [ 65 115]: 0.000000
  [35 90]: 0.000000
  [65 90]: 0.000010
  [50 85]: 0.000000
  [35 65]: 0.000030
  [65 65]: 0.000000
  [50 60]: 0.999959
  [35 45]: 0.000000
  [65 45]: 0.000000


Time Step = 147
  [ 50 100]: 0.000000
  [ 35 115]: 0.000000
  [ 65 115]: 0.000000
  [35 90]: 0.000000
  [65 90]: 0.000009
  [50 85]: 0.000000
  [35 65]: 0.000022
  [65 65]: 0.000000
  [50 60]: 0.999968
  [35 45]: 0.000000
  [65 45]: 0.000000


Time Step = 148
  [ 50 100]: 0.000000
  [ 35 115]: 0.000000
  [ 65 115]: 0.000000
  [35 90]: 0.000000
  [65 90]: 0.000011
  [50 85]: 0.000000
  [35 65]: 0.000025
  [65 65]: 0.000000
  [50 60]: 0.999964
  [35 45]: 0.000000
  [65 45]: 0.000000


Time Step = 149
  [ 50 100]: 0.000000
  [ 35 115]: 0.000000
  [ 65 115]: 0.000000
  [35 90]: 0.000000
  [65 90]: 0.000010
  [50 85]: 0.000000
  [35 65]: 0.000022
  [65 65]: 0.000000
  [50 60]: 0.999967
  [35 45]: 0.000000
  [65 45]: 0.000000


