# d=5, s2=10, l=5, goal=[50.0, 50.0], lambda_val=0.01
7.326816058712043400e+01 -7.076975478854758705e+01
6.985989196392766587e+01 -7.259687208388788804e+01
6.674958032839481348e+01 -7.407305006716568130e+01
6.386415744880820000e+01 -7.503546135316305765e+01
6.114463590377216917e+01 -7.542268797023817228e+01
5.856063891586566683e+01 -7.527698043620860346e+01
5.612984936577052508e+01 -7.471760886997522277e+01
5.394293736561450459e+01 -7.392749595632959370e+01
5.215630322572769018e+01 -7.312230468029835606e+01
5.092834592030148144e+01 -7.250173294707130367e+01
5.037306043699808811e+01 -7.223164620563306926e+01
5.055388831208558287e+01 -7.239510277755427126e+01
5.144574380779828715e+01 -7.297597843623407243e+01
5.294677309267847676e+01 -7.383941937692091528e+01
5.485779292134132845e+01 -7.472988709312627975e+01
5.693385866551413699e+01 -7.532039551520318810e+01
5.892267147427605778e+01 -7.531062086642415920e+01
6.061858357966460176e+01 -7.449212411355372865e+01
6.186872815070099563e+01 -7.277662071067176441e+01
6.259448625433468294e+01 -7.023184813416455086e+01
6.280963015000483551e+01 -6.705508752034251074e+01
6.265186865472378486e+01 -6.352317649256296050e+01
6.234285312285551583e+01 -5.994380602625272303e+01
6.213959904614353036e+01 -5.660400322511614490e+01
6.226342438781890110e+01 -5.373727587834780195e+01
6.286752960102904808e+01 -5.145210689249615399e+01
6.400454196124583461e+01 -4.973338119964837745e+01
6.558070064361058371e+01 -4.846854672302679035e+01
6.737135243254240891e+01 -4.747044718505444649e+01
6.903875333096718236e+01 -4.654704659339087414e+01
7.020687266600123166e+01 -4.552558012430540657e+01
7.051770223271645932e+01 -4.428475369171627563e+01
6.972418961648234870e+01 -4.279431348010413672e+01
6.776862429507818320e+01 -4.111991235500894959e+01
6.479301815933284558e+01 -3.937456232025000702e+01
6.112494281426427278e+01 -3.768115149185980783e+01
5.720315366706918070e+01 -3.613163015892142482e+01
5.349300358016161994e+01 -3.478653583494379831e+01
5.039757567146240547e+01 -3.362761513678324121e+01
4.820911104900046240e+01 -3.258106789519165147e+01
4.708786907873889049e+01 -3.152029551338960189e+01
4.705886745252323067e+01 -3.030493860360203229e+01
4.801242014551136350e+01 -2.880748451142638800e+01
4.974224449053742347e+01 -2.694271159091971057e+01
5.194906793955401980e+01 -2.468261566177676514e+01
5.428943750614050856e+01 -2.207530980564167322e+01
5.645000925770682443e+01 -1.924998939319430846e+01
5.818491513177536945e+01 -1.638526328371706953e+01
5.935517132039163357e+01 -1.365309537379771854e+01
5.993927449264712948e+01 -1.119299345044121452e+01
6.001702616736876195e+01 -9.089517970462605234e+00
5.975548196723313765e+01 -7.365578771848550588e+00
5.937337935084159568e+01 -6.004422535776850367e+00
5.909016416083166234e+01 -4.965728517399877973e+00
5.908584253115418505e+01 -4.204613550286182999e+00
5.947097327296164337e+01 -3.700004650682632956e+00
6.023456297685003591e+01 -3.458776758926457973e+00
6.125014551330386325e+01 -3.515463640808075496e+00
6.230419535613336279e+01 -3.899167741420047406e+00
6.313918565167890051e+01 -4.627318384759970371e+00
6.351277055128585403e+01 -5.698867516351693752e+00
6.324312726185254974e+01 -7.086469105743002928e+00
6.221955472207233129e+01 -8.724229004978745650e+00
6.043632631232570418e+01 -1.051364219177238368e+01
5.799300925509821525e+01 -1.234463948955050938e+01
5.509144627588969456e+01 -1.409289031750479282e+01
5.196552285542244931e+01 -1.563670636817336046e+01
4.884263031552039536e+01 -1.688422141616063854e+01
4.590925063977817899e+01 -1.778287960880681950e+01
4.327327732546628170e+01 -1.832485050080366307e+01
4.096259603121116299e+01 -1.854412593796097042e+01
3.891229744861792028e+01 -1.849480111832922802e+01
3.701062848360199098e+01 -1.822334714602331829e+01
3.513760720834573448e+01 -1.775309921649045108e+01
3.318896768999499614e+01 -1.708571825687742773e+01
3.110659925024065586e+01 -1.619077955208326003e+01
2.890050550997884216e+01 -1.500826698882205079e+01
2.665377410431536376e+01 -1.346662675240855478e+01
2.450546861579765334e+01 -1.149609261388633286e+01
2.260633536996913051e+01 -9.060267689200529162e+00
2.109613353584825290e+01 -6.179219173061458292e+00
2.007271919749403821e+01 -2.915379578066271904e+00
1.959507337109272740e+01 6.377918474365600332e-01
1.967589757953012253e+01 4.360201085453834224e+00
2.025815524834206371e+01 8.125347352679710866e+00
2.123410918997254271e+01 1.179349075240004296e+01
2.246194314866870911e+01 1.523468184324488028e+01
2.379713986719043461e+01 1.833907779254399628e+01
2.512213650251646868e+01 2.101968176508561825e+01
2.635577151957218334e+01 2.323125680618029776e+01
2.746253957714335314e+01 2.497288711111459492e+01
2.845587909233034907e+01 2.628361757053683689e+01
2.939614641246377147e+01 2.722724254933016752e+01
3.036194518354963634e+01 2.786543063594161040e+01
3.142451804323271958e+01 2.824955038570181642e+01
3.263530874424201045e+01 2.841551834723598446e+01
3.401303872435683218e+01 2.838104864984900999e+01
3.553762704575645159e+01 2.815041589748415163e+01
3.715781243236138209e+01 2.773828978705858361e+01
3.879853263486357662e+01 2.717166568982785435e+01
4.036934946182723394e+01 2.648629323248356471e+01
4.177304202421744606e+01 2.572852456372611130e+01
4.292147080662663683e+01 2.494574851057194920e+01
4.374425912437456532e+01 2.416640176006374929e+01
4.420271139203536137e+01 2.340334507135350606e+01
4.430366315859622262e+01 2.267055523075245560e+01
4.409252383392986729e+01 2.199708445120566225e+01
4.363779495217625026e+01 2.142140582618457501e+01
4.301375193514917328e+01 2.098616539472573095e+01
4.229750394660624124e+01 2.074182133215840906e+01
4.154468367055530109e+01 2.073202294639179399e+01
4.078339953805830476e+01 2.098458832895736492e+01
4.002315994291001289e+01 2.150309632683021732e+01
3.925685624633211290e+01 2.227119734536599083e+01
3.847857774646973184e+01 2.326048649382374833e+01
3.768863261472701254e+01 2.442967110332433833e+01
3.688875785058822743e+01 2.572946290860597429e+01
3.609138274341186303e+01 2.709941329719007186e+01
3.532573264134339297e+01 2.846679026345803720e+01
3.463572350117806309e+01 2.975328934994366747e+01
3.407935928573891715e+01 3.089796089393940548e+01
3.371357452277627686e+01 3.186332488722087319e+01
3.358646008198692812e+01 3.264132964782233159e+01
3.373332735742211952e+01 3.325272129187570869e+01
3.417549884562018292e+01 3.373623804999681397e+01
3.491175874509576005e+01 3.413598066750984117e+01
3.591751087869003811e+01 3.449051778384936284e+01
3.714353213590554503e+01 3.482072944670963466e+01
3.853207178345056150e+01 3.512387699892903470e+01
4.001832160147921513e+01 3.537410207818230390e+01
4.153471164921294445e+01 3.553051546288957496e+01
4.302119260302739434e+01 3.554156301677915053e+01
4.443052536442394285e+01 3.535892189296226462e+01
4.573387982782548988e+01 3.494885058863712146e+01
4.691604760281441600e+01 3.430400120914495687e+01
4.796248304199622936e+01 3.345774533184899013e+01
4.885645250205480750e+01 3.247505289102172554e+01
4.958360338234360398e+01 3.144169887035732103e+01
5.013480418070691513e+01 3.044400566899546945e+01
5.050226685029680596e+01 2.955763134451382257e+01
5.068036838829187474e+01 2.884185392945580872e+01
5.066273756884223900e+01 2.833379611210928317e+01
5.044733336875941632e+01 2.804258576352352605e+01
5.004342148054704609e+01 2.794668924211725880e+01
4.947505960086890298e+01 2.799458028786267860e+01
4.878231163612845478e+01 2.812225529798063661e+01
4.801535730717620254e+01 2.826120771968614775e+01
4.722310792295159843e+01 2.835707671978435229e+01
4.644987194820562593e+01 2.838854239454203565e+01
4.572882537230584177e+01 2.837201087521641796e+01
4.507694290311822272e+01 2.835575004754694106e+01
4.449711563885884402e+01 2.840886751374157626e+01
4.398360818141460271e+01 2.860731429312794916e+01
4.351935759454842412e+01 2.901717100297833696e+01
4.308130008854532633e+01 2.967504433125125018e+01
4.264685624749574799e+01 3.057321804557232880e+01
4.219208474393924746e+01 3.165276697472679857e+01
4.169955103052816270e+01 3.280944611736273231e+01
4.116399518075822783e+01 3.391745465098879464e+01
4.059025718439038144e+01 3.486012018545361713e+01
3.999008101420800898e+01 3.554934360783498448e+01
3.938474874609495657e+01 3.594068638076817024e+01
3.880624893841036283e+01 3.603448773941121885e+01
3.829247246050567810e+01 3.587048203240200905e+01
3.787743918779219854e+01 3.552245827396809830e+01
3.758507125686016792e+01 3.508557012897722416e+01
3.742165415566866216e+01 3.465920957829193583e+01
3.738061969461060130e+01 3.432748828365438243e+01
3.744256237978614621e+01 3.414250655474031504e+01
3.758543344656698082e+01 3.412052700522602322e+01
3.778995634256284575e+01 3.424305930720203150e+01
3.804386024077801665e+01 3.446713698842145845e+01
3.834380299611871123e+01 3.473284127390977716e+01
3.869185663576665490e+01 3.497479709169814299e+01
3.910171633475509623e+01 3.513348428006955970e+01
3.958723708833010591e+01 3.516740080266495028e+01
4.015666791385351075e+01 3.505865357862716536e+01
4.080822643211143941e+01 3.481430288024955644e+01
4.152755793859950728e+01 3.447276831347122794e+01
4.228698075691430347e+01 3.409514713968123090e+01
4.304987461914230096e+01 3.375486967623280776e+01
4.377985080201398915e+01 3.351777253209608176e+01
4.444147269918282461e+01 3.343500206763305727e+01
4.500322601153287394e+01 3.353428591828493666e+01
4.544442434334943215e+01 3.381659308973454614e+01
4.575696242589274476e+01 3.425296727675527109e+01
4.594280007665980747e+01 3.479495530878731557e+01
4.601277525204619678e+01 3.538112539012315949e+01
4.598618687651911330e+01 3.595119435209437597e+01
4.588744646485901768e+01 3.645498012383866637e+01
4.574051750893306689e+01 3.686241503873512926e+01
4.557060208934037604e+01 3.716543130620603819e+01
4.540400138504044492e+01 3.737585688860765742e+01
4.526476823285119622e+01 3.752644942657930471e+01
4.517477478102620836e+01 3.766320404841584235e+01
4.515226334080498560e+01 3.783609903791204943e+01
4.520609828241653361e+01 3.808520509715101099e+01
4.533076905832001557e+01 3.843439878782845653e+01
4.550443661893689296e+01 3.888467792371070431e+01
4.569354589032955261e+01 3.941499935377589026e+01
4.586103492381172941e+01 3.998894656309136053e+01
4.597129601738433990e+01 4.055995323469331026e+01
4.600214395387403243e+01 4.108256773323117983e+01
4.595002238712383758e+01 4.152160253201132889e+01
4.583044894614755549e+01 4.185959582430286474e+01
4.567606826632117389e+01 4.210236679486551026e+01
4.553150877196037527e+01 4.227231753805415337e+01
4.543996195004027783e+01 4.239572677218378516e+01
4.542977691296214715e+01 4.249647487477900398e+01
4.550922450043429990e+01 4.259054998061121466e+01
4.566647523852761026e+01 4.268495621963919717e+01
4.587452450167033646e+01 4.277509085008835399e+01
4.609450313163443980e+01 4.284916607910643194e+01
4.628318307951089139e+01 4.289027651494630078e+01
4.640300623841873318e+01 4.288547478291022941e+01
4.643025238164638324e+01 4.282793550888771961e+01
4.635929381059429488e+01 4.272138112756208983e+01
4.620016136250099947e+01 4.258375843160269625e+01
4.597632684244938872e+01 4.244235577520377234e+01
4.572262082021497775e+01 4.232875145746971413e+01
4.548072711256232736e+01 4.227239278201756889e+01
4.528546116589657089e+01 4.229703587465728276e+01
4.515910853291831017e+01 4.241909836357628905e+01
4.510894733634258813e+01 4.264271612684088808e+01
4.513073898975566323e+01 4.295994168179095851e+01
4.520733360526631373e+01 4.335358038101760059e+01
4.531167066395623522e+01 4.379566143529802957e+01
4.541509020142289188e+01 4.424833938832211544e+01
4.549203820437316637e+01 4.467065142779715359e+01
4.552415455762996288e+01 4.502492077436586015e+01
4.550151787434421635e+01 4.528478212515048540e+01
4.542252072155388731e+01 4.543528180879435752e+01
4.529758281208284387e+01 4.547528081983907100e+01
4.514701674657517572e+01 4.541683732406747964e+01
4.499794009193418276e+01 4.528177846516715732e+01
4.487536988873372934e+01 4.510119194385904251e+01
4.480132802749676557e+01 4.491184212768609996e+01
4.479011202653716595e+01 4.475136700143095680e+01
4.484495533101621589e+01 4.465258209204901618e+01
4.495735591665174979e+01 4.463859221557025592e+01
4.510952190692882624e+01 4.471603797817068227e+01
4.528020786055994051e+01 4.487518088491233925e+01
4.544571302735747054e+01 4.509255158678062259e+01
4.558517088570752662e+01 4.533726311667673059e+01
4.568382987225195535e+01 4.557629697642052946e+01
